src,edge_attr,dst
0,music.genre.subgenre,1
2,music.genre.subgenre,3
4,type.type.expected_by,5
6,common.topic.notable_types,7
8,location.citytown.postal_codes,9
10,common.topic.webpage,11
12,music.single.versions,13
14,music.genre.subgenre,15
16,music.genre.subgenre,1
17,music.genre.recordings,18
19,base.lightweight.profession.specialization_of,20
21,common.topic.notable_for,22
23,freebase.type_hints.included_types,24
25,music.group_member.instruments_played,10
26,base.petbreeds.dog_city_relationship.cities,8
27,common.webpage.topic,28
29,film.director.film,30
17,music.genre.subgenre,14
25,music.artist.track,31
32,fictional_universe.character_occupation.characters_with_this_occupation,33
34,common.webpage.topic,35
36,location.location.containedby,8
12,music.recording.artist,37
38,people.profession.specializations,39
40,music.instrument.variation,41
37,broadcast.artist.content,42
43,medicine.risk_factor.diseases,44
45,broadcast.content.genre,16
35,music.instrument.variation,46
23,people.profession.specializations,47
48,music.album.releases,48
4,type.type.expected_by,49
50,people.profession.specialization_of,51
25,music.composer.compositions,52
16,music.genre.parent_genre,53
23,fictional_universe.character_occupation.characters_with_this_occupation,54
55,broadcast.content.genre,56
0,book.book_subject.works,0
8,travel.travel_destination.tourist_attractions,57
58,music.album.genre,59
60,music.album.artist,37
38,music.special_music_video_performance_type.special_music_video_performances,61
62,music.recording.artist,37
63,music.composer.compositions,64
62,music.composition.recordings,62
45,broadcast.content.genre,65
66,music.album.artist,37
67,music.artist.label,68
69,freebase.valuenotation.is_reviewed,70
71,music.artist.genre,72
73,music.composition.recorded_as_album,73
12,music.composition.recordings,12
74,people.person.place_of_birth,75
76,music.artist.genre,15
43,base.gender.gender_identity.people,77
78,common.topic.notable_types,79
50,fictional_universe.character_occupation.characters_with_this_occupation,80
28,common.topic.subject_of,81
76,music.artist.genre,82
83,fictional_universe.fictional_character.occupation,28
42,broadcast.content.producer,84
85,medicine.disease.symptoms,86
25,music.artist.genre,0
87,base.gender.personal_gender_identity.gender_identity,43
88,book.written_work.subjects,50
23,common.topic.webpage,89
19,base.descriptive_names.names.descriptive_name,90
91,freebase.valuenotation.has_no_value,92
93,music.genre.parent_genre,94
8,location.hud_foreclosure_area.total_residential_addresses,95
96,music.composition.recordings,96
25,freebase.valuenotation.is_reviewed,97
72,music.genre.parent_genre,59
98,base.petbreeds.dog_city_relationship.cities,8
68,award.award_winner.awards_won,99
92,type.property.expected_type,100
101,common.topic.image,102
66,common.topic.notable_types,103
13,common.topic.notable_types,7
29,music.artist.genre,17
25,people.person.profession,50
93,common.topic.notable_types,104
105,rdf-schema#range,24
8,location.location.time_zones,106
38,base.descriptive_names.names.descriptive_name,107
108,common.webpage.topic,28
59,music.genre.subgenre,109
110,location.mailing_address.country,75
35,music.instrument.variation,111
19,base.descriptive_names.names.descriptive_name,112
113,music.genre.subgenre,114
115,common.topic.article,116
117,common.webpage.topic,28
118,music.composition.language,119
8,location.statistical_region.population,120
52,music.recording.canonical_version,52
121,music.artist.genre,2
50,fictional_universe.character_occupation.characters_with_this_occupation,122
71,music.composer.compositions,123
121,music.artist.track,124
50,book.book_subject.works,88
52,music.composition.composer,63
125,common.topic.notable_for,126
127,broadcast.content.genre,0
128,location.location.time_zones,106
62,music.composition.recorded_as_album,62
38,base.descriptive_names.names.descriptive_name,129
71,music.artist.genre,130
38,people.profession.specializations,131
132,common.topic.notable_types,104
76,music.artist.genre,130
121,music.artist.genre,94
19,base.descriptive_names.names.descriptive_name,133
76,music.artist.genre,101
0,music.genre.subgenre,16
134,common.topic.notable_for,135
113,music.genre.subgenre,136
38,common.topic.subjects,137
118,music.composition.recordings,118
64,music.composition.form,138
63,music.composer.compositions,60
139,music.recording.artist,140
132,music.genre.subgenre,141
23,freebase.type_profile.kind,142
143,common.webpage.topic,23
56,common.topic.image,144
56,common.topic.webpage,145
55,broadcast.radio_station.format,130
6,music.single.versions,146
19,common.topic.subject_of,147
38,base.descriptive_names.names.descriptive_name,148
67,music.composer.compositions,149
14,music.genre.parent_genre,130
6,common.topic.notable_types,150
75,base.biblioness.bibs_topic.is_really,75
16,broadcast.genre.content,45
73,music.composition.composer,25
124,common.topic.notable_for,151
56,broadcast.radio_format.stations,152
35,common.topic.notable_for,153
154,music.instrument.family,155
25,music.composer.compositions,6
156,base.ontologies.ontology_instance_mapping.freebase_topic,50
157,interests.hobbyist.hobbies,40
78,people.profession.specialization_of,38
158,music.genre.parent_genre,0
159,music.album.artist,37
160,people.person.place_of_birth,161
50,base.ontologies.ontology_instance.equivalent_instances,156
162,freebase.valuenotation.has_value,163
164,music.genre.subgenre,165
160,music.artist.label,166
167,music.composition.recordings,167
63,music.composer.compositions,149
25,music.group_member.instruments_played,40
168,common.topic.article,169
12,common.topic.notable_types,7
170,broadcast.genre.content,55
147,people.person.profession,32
171,common.webpage.topic,23
172,people.person.sibling_s,173
124,music.recording.tracks,124
109,music.genre.subgenre,174
19,people.profession.specializations,175
19,base.descriptive_names.names.descriptive_name,176
177,common.webpage.topic,8
29,music.artist.genre,56
0,music.music_video_genre.music_videos_of_this_genre,178
8,location.citytown.postal_codes,179
167,music.composition.recordings,167
40,common.topic.subject_of,180
181,people.person.nationality,75
152,broadcast.producer.produces,182
183,freebase.valuenotation.has_value,184
113,music.genre.parent_genre,2
69,freebase.valuenotation.is_reviewed,97
130,music.genre.subgenre,185
186,medicine.icd_9_cm_classification.parent_classification,186
43,medicine.risk_factor.diseases,187
188,music.genre.parent_genre,130
189,common.topic.notable_types,190
50,fictional_universe.character_occupation.characters_with_this_occupation,191
192,music.track_contribution.role,193
40,music.instrument.variation,194
195,people.person.gender,43
35,music.instrument.variation,196
28,common.topic.article,197
198,common.webpage.category,199
25,music.artist.genre,200
23,freebase.type_hints.included_types,201
62,music.recording.canonical_version,62
147,freebase.valuenotation.is_reviewed,97
188,music.genre.subgenre,202
38,base.descriptive_names.names.descriptive_name,203
19,base.descriptive_names.names.descriptive_name,204
205,common.webpage.topic,28
206,common.topic.article,207
53,music.genre.parent_genre,208
170,music.genre.parent_genre,130
28,base.descriptive_names.names.descriptive_name,209
2,music.genre.subgenre,165
4,base.descriptive_names.names.descriptive_name,210
19,common.topic.article,211
6,music.composition.language,119
212,common.image.size,213
109,common.topic.notable_types,104
75,base.locations.countries.states_provinces_within,214
43,medicine.risk_factor.diseases,215
28,common.topic.image,216
76,music.group_member.instruments_played,217
218,music.group_membership.group,37
38,base.descriptive_names.names.descriptive_name,219
64,music.composition.composer,25
130,common.topic.subject_of,220
221,people.person.gender,43
52,music.composition.recordings,52
8,location.location.nearby_airports,36
222,music.composition.recorded_as_album,222
223,common.webpage.topic,23
23,common.topic.webpage,224
4,type.type.expected_by,225
76,music.artist.genre,226
130,common.topic.webpage,227
71,music.artist.album,206
228,rdf-schema#domain,4
25,people.person.places_lived,229
28,common.topic.subjects,230
16,music.genre.subgenre,158
24,type.type.properties,231
166,music.record_label.releases,232
134,music.composition.recordings,134
12,common.topic.notable_types,7
25,music.artist.genre,185
50,book.book_subject.works,233
32,freebase.equivalent_topic.equivalent_type,4
234,common.topic.subjects,235
4,type.type.properties,236
19,base.descriptive_names.names.descriptive_name,237
238,music.genre.parent_genre,239
50,common.topic.subject_of,240
111,music.instrument.family,35
62,music.composition.recordings,62
241,people.marriage.spouse,162
114,music.genre.parent_genre,242
8,periodicals.newspaper_circulation_area.newspapers,243
167,music.composition.recordings,167
244,film.personal_film_appearance.type_of_appearance,245
0,common.topic.notable_types,104
246,base.ontologies.ontology_instance_mapping.freebase_topic,40
10,common.topic.subject_of,247
248,rdf-schema#domain,24
66,common.topic.notable_for,249
250,music.genre.parent_genre,2
251,common.webpage.topic,28
2,book.periodical_subject.periodicals,252
82,common.topic.image,253
25,music.composer.compositions,60
68,organization.organization.headquarters,110
12,music.single.versions,12
56,broadcast.radio_format.stations,254
37,music.artist.genre,185
19,people.profession.specializations,255
19,base.descriptive_names.names.descriptive_name,256
25,music.featured_artist.recordings,21
29,music.artist.genre,257
35,music.instrument.variation,258
16,music.genre.subgenre,259
29,film.producer.film,30
260,music.recording.song,12
195,music.artist.genre,164
96,music.composition.language,119
96,music.composition.form,138
261,common.topic.notable_types,104
4,base.descriptive_names.names.descriptive_name,262
8,base.petbreeds.city_with_dogs.top_breeds,263
37,music.artist.album,264
0,book.book_subject.works,265
43,base.gender.gender_identity.people,266
267,music.instrument.family,217
12,music.recording.song,12
50,base.ontologies.ontology_class.equivalent_classes,268
25,music.artist.genre,56
60,music.single.versions,269
270,freebase.valuenotation.has_value,271
4,type.type.expected_by,272
23,freebase.type_profile.published,273
43,medicine.risk_factor.diseases,274
244,film.personal_film_appearance.film,30
275,broadcast.artist.content,55
105,type.property.schema,24
8,location.statistical_region.population,276
8,location.citytown.postal_codes,277
242,music.genre.parent_genre,16
28,common.topic.webpage,278
8,travel.travel_destination.tourist_attractions,279
0,music.genre.subgenre,280
160,music.artist.genre,281
28,fictional_universe.character_occupation.characters_with_this_occupation,33
68,music.record_label.releases,282
283,common.webpage.in_index,284
6,music.album.artist,37
185,common.topic.notable_types,104
56,common.topic.article,285
0,music.genre.subgenre,286
8,location.place_with_neighborhoods.neighborhoods,287
288,common.topic.image,289
290,base.lightweight.profession.similar_professions,38
291,broadcast.artist.content,292
4,type.type.properties,293
294,medicine.disease.risk_factors,43
250,music.genre.parent_genre,295
67,music.artist.genre,132
296,music.recording.artist,297
298,music.music_video_performance.special_music_video_performance_type,38
118,common.topic.notable_types,7
136,music.genre.parent_genre,299
291,broadcast.artist.content,300
168,music.recording.artist,71
38,base.descriptive_names.names.descriptive_name,301
302,location.location.containedby,75
8,location.statistical_region.population,303
64,music.recording.song,64
164,music.genre.subgenre,93
8,location.citytown.postal_codes,304
62,music.composition.composer,63
6,common.topic.article,305
76,freebase.valuenotation.is_reviewed,271
245,music.special_music_video_performance_type.special_music_video_performances,306
172,common.topic.notable_types,24
6,music.composition.form,138
37,music.artist.genre,307
23,common.topic.webpage,308
124,music.single.versions,124
71,broadcast.artist.content,300
8,location.capital_of_administrative_division.capital_of,309
157,interests.hobbyist.hobbies,310
311,location.location.containedby,8
25,music.composer.compositions,73
149,music.composition.recordings,149
240,common.topic.subjects,50
50,fictional_universe.character_occupation.characters_with_this_occupation,312
8,location.citytown.postal_codes,313
35,music.instrument.family,217
118,music.recording.canonical_version,118
52,common.topic.notable_types,7
314,people.person.profession,28
315,common.webpage.topic,56
60,music.recording.artist,37
103,freebase.type_hints.included_types,201
278,common.webpage.topic,28
35,music.instrument.family,217
316,music.recording_contribution.performance_role,23
43,medicine.risk_factor.diseases,317
64,music.recording.song,64
70,type.property.schema,24
160,music.composer.compositions,64
43,base.gender.gender_identity.people,318
6,music.composition.recordings,6
28,common.topic.webpage,319
25,music.artist.track,48
8,location.statistical_region.population,320
35,music.instrument.variation,321
124,music.recording.featured_artists,322
59,music.genre.subgenre,323
64,music.recording.artist,37
43,medicine.risk_factor.diseases,324
25,music.group_member.membership,325
35,common.topic.webpage,326
130,music.genre.subgenre,165
188,music.genre.subgenre,327
60,music.recording.song,60
58,music.album.genre,72
159,music.album.compositions,52
328,common.topic.notable_types,104
16,music.genre.parent_genre,0
23,common.topic.webpage,329
4,type.type.properties,228
269,common.topic.notable_types,7
322,people.person.profession,19
115,music.recording.producer,37
0,music.genre.subgenre,3
130,music.genre.subgenre,330
331,medicine.disease.risk_factors,332
21,common.topic.notable_types,103
130,broadcast.genre.content,333
334,music.track_contribution.contributor,25
113,music.genre.subgenre,335
336,time.event.locations,8
130,common.topic.webpage,337
17,music.genre.subgenre,338
339,music.instrument.family,40
19,base.descriptive_names.names.descriptive_name,340
43,medicine.risk_factor.diseases,341
37,music.artist.genre,72
342,people.person.profession,38
62,music.recording.canonical_version,62
4,type.type.expected_by,343
68,music.record_label.releases,344
52,common.topic.notable_types,7
345,music.recording_contribution.album,264
346,freebase.type_profile.strict_included_types,201
8,location.citytown.postal_codes,347
25,people.person.spouse_s,241
25,music.composer.compositions,64
25,music.artist.track_contributions,348
39,common.topic.notable_types,79
32,people.profession.specializations,19
50,tv.tv_subject.tv_episodes,349
350,common.webpage.topic,23
351,freebase.type_profile.strict_included_types,201
52,music.single.versions,52
64,music.recording.canonical_version,64
56,common.topic.webpage,352
130,broadcast.genre.content,182
353,common.webpage.topic,28
37,music.producer.tracks_produced,118
43,biology.hybrid_parent_gender.hybrids,354
38,base.descriptive_names.names.descriptive_name,355
70,type.property.expected_type,70
40,book.book_subject.works,356
19,base.descriptive_names.names.descriptive_name,357
62,music.single.versions,62
358,common.topic.notable_types,7
359,common.webpage.topic,28
67,music.artist.genre,360
168,music.composition.recordings,168
288,common.topic.article,361
4,type.type.properties,362
193,common.topic.notable_types,363
6,music.composition.composer,63
4,base.descriptive_names.names.descriptive_name,364
346,freebase.type_profile.strict_included_types,365
43,biology.hybrid_parent_gender.hybrids,366
25,common.topic.webpage,367
55,broadcast.radio_station.format,188
19,people.profession.specializations,368
369,broadcast.content.genre,0
370,common.webpage.topic,23
56,music.genre.subgenre,371
10,education.field_of_study.students_majoring,372
25,music.artist.track,167
373,music.track_contribution.track,374
35,music.instrument.variation,375
53,music.genre.subgenre,16
376,people.person.gender,234
105,rdf-schema#domain,24
8,location.statistical_region.population,377
66,common.topic.notable_types,150
50,fictional_universe.character_occupation.characters_with_this_occupation,378
115,common.topic.notable_types,150
8,location.statistical_region.population,379
296,music.recording.lyrics_website,380
381,music.musical_group.member,325
64,music.recording.artist,37
56,music.genre.subgenre,382
0,music.genre.subgenre,383
38,base.descriptive_names.names.descriptive_name,384
38,base.descriptive_names.names.descriptive_name,385
28,common.topic.webpage,386
387,music.recording.song,12
8,location.location.containedby,388
38,base.descriptive_names.names.descriptive_name,389
227,common.webpage.topic,130
173,people.sibling_relationship.sibling,390
391,common.webpage.topic,288
123,music.composition.recorded_as_album,123
50,book.book_subject.works,392
66,music.album.release_type,393
12,music.single.versions,394
159,common.topic.notable_types,103
35,music.instrument.variation,35
38,base.descriptive_names.names.descriptive_name,395
23,common.topic.webpage,396
72,music.genre.subgenre,360
60,music.recording.song,60
4,type.type.expected_by,397
130,broadcast.genre.content,398
399,common.webpage.topic,130
188,broadcast.radio_format.stations,55
269,music.recording.song,60
8,base.petbreeds.city_with_dogs.top_breeds,400
160,music.lyricist.lyrics_written,206
82,film.film_genre.films_in_this_genre,401
25,people.person.children,172
245,music.special_music_video_performance_type.special_music_video_performances,402
67,freebase.valuenotation.is_reviewed,97
403,common.webpage.topic,130
12,music.single.versions,404
8,base.biblioness.bibs_location.country,75
38,music.special_music_video_performance_type.special_music_video_performances,402
93,common.topic.image,405
67,music.group_member.instruments_played,10
406,common.webpage.in_index,407
25,music.artist.track_contributions,408
62,music.recording.song,62
48,music.recording.releases,48
270,freebase.valuenotation.has_value,163
60,music.recording.song,60
118,common.topic.notable_for,409
25,music.artist.track_contributions,192
25,music.artist.album,21
38,base.descriptive_names.names.descriptive_name,410
8,location.location.containedby,128
23,common.topic.article,411
37,music.producer.tracks_produced,60
38,people.profession.represented_by_trade_unions,412
60,common.topic.notable_types,7
376,fictional_universe.fictional_character.gender,234
4,type.type.expected_by,413
63,music.artist.genre,130
67,people.person.profession,23
64,music.composition.composer,67
322,music.artist.genre,130
275,music.artist.genre,295
38,people.profession.specializations,414
4,type.type.expected_by,415
245,music.special_music_video_performance_type.special_music_video_performances,416
417,common.topic.notable_types,363
12,music.single.versions,418
374,common.topic.notable_types,7
38,music.special_music_video_performance_type.special_music_video_performances,419
38,music.special_music_video_performance_type.special_music_video_performances,420
83,fictional_universe.fictional_character.occupation,32
124,music.recording.artist,25
12,music.recording.artist,37
421,common.webpage.topic,23
422,common.webpage.topic,130
134,music.single.versions,134
38,base.descriptive_names.names.descriptive_name,423
417,music.instrument.family,40
424,base.events.performance.type_of_performance,38
4,freebase.type_hints.included_types,201
322,music.featured_artist.recordings,124
12,music.recording.song,12
35,music.instrument.variation,425
168,music.recording.song,168
346,freebase.type_profile.strict_included_types,426
71,music.artist.genre,94
427,common.topic.notable_types,7
25,music.artist.genre,72
36,aviation.airport.serves,8
28,base.descriptive_names.names.descriptive_name,428
2,common.topic.notable_types,104
12,music.album.compositions,12
429,base.petbreeds.dog_city_relationship.cities,8
234,medicine.risk_factor.diseases,430
200,music.genre.subgenre,136
38,base.descriptive_names.names.descriptive_name,431
25,music.composer.compositions,123
310,music.instrument.family,40
432,common.topic.notable_types,363
433,award.award_category.disciplines_or_subjects,43
402,music.music_video_performance.special_music_video_performance_type,38
48,common.topic.notable_types,7
28,common.topic.webpage,434
76,music.artist.genre,435
257,music.genre.parent_genre,130
19,base.descriptive_names.names.descriptive_name,436
437,common.topic.notable_types,7
39,music.special_music_video_performance_type.special_music_video_performances,438
8,business.business_location.parent_company,439
166,music.record_label.releases,440
23,common.topic.webpage,441
270,people.person.spouse_s,183
442,common.topic.notable_types,103
12,music.composition.recordings,404
68,common.topic.webpage,443
444,common.webpage.topic,28
314,music.composer.compositions,445
56,broadcast.genre.content,369
4,type.type.expected_by,446
35,common.topic.notable_types,363
43,base.animalnames.animal_gender.animal_names,447
52,music.recording.artist,37
4,type.type.expected_by,448
60,music.album.release_type,393
449,freebase.type_profile.kind,142
390,common.topic.notable_types,24
50,common.topic.subjects,181
38,common.topic.subjects,450
8,location.statistical_region.population,451
91,music.group_membership.member,25
242,common.topic.notable_types,104
52,common.topic.notable_for,452
190,freebase.type_profile.published,273
50,fictional_universe.character_occupation.characters_with_this_occupation,453
8,location.hud_county_place.county,128
124,music.recording.artist,322
74,common.topic.subjects,51
165,common.topic.notable_types,104
10,common.topic.image,454
8,location.statistical_region.population,455
38,common.topic.subject_of,456
25,music.group_member.instruments_played,35
29,music.group_member.instruments_played,40
8,sports.sports_team_location.teams,457
35,music.instrument.variation,458
459,biology.hybrid_parentage.parent_sex,43
163,type.property.schema,24
50,fictional_universe.character_occupation.characters_with_this_occupation,460
56,common.topic.webpage,461
296,music.recording.featured_artists,25
6,music.recording.song,6
28,base.descriptive_names.names.descriptive_name,462
311,location.location.containedby,214
174,common.topic.article,463
6,music.composition.recordings,6
8,location.citytown.postal_codes,464
12,music.recording.song,12
124,music.recording.tracks,124
130,broadcast.genre.content,465
432,music.instrument.variation,10
466,common.topic.subjects,170
270,freebase.valuenotation.has_value,231
28,common.topic.webpage,353
310,interests.hobby.people_with_this_hobby,157
130,music.genre.subgenre,467
38,base.descriptive_names.names.descriptive_name,468
166,music.record_label.releases,469
65,music.genre.subgenre,82
38,base.schemastaging.context_name.pronunciation,470
155,music.instrument.variation,154
471,music.recording.artist,25
35,music.instrument.variation,472
12,music.recording.artist,37
222,music.recording.song,222
19,base.descriptive_names.names.descriptive_name,473
60,music.recording.canonical_version,60
72,music.genre.parent_genre,0
200,music.genre.subgenre,327
123,common.topic.article,474
19,base.descriptive_names.names.descriptive_name,475
134,music.composition.recordings,134
8,location.location.events,476
96,common.topic.notable_types,103
19,base.descriptive_names.names.descriptive_name,477
311,location.location.containedby,75
50,common.topic.subject_of,445
150,freebase.type_hints.included_types,201
33,fictional_universe.fictional_character.occupation,32
50,book.book_subject.works,240
4,type.type.expected_by,343
64,music.recording.canonical_version,64
478,common.webpage.topic,130
479,award.award_nomination.award_nominee,68
188,music.genre.subgenre,480
37,music.artist.album,149
481,music.group_membership.group,482
38,music.special_music_video_performance_type.special_music_video_performances,483
484,medicine.disease.risk_factors,43
28,common.topic.webpage,485
387,music.recording.canonical_version,12
486,common.webpage.topic,28
358,music.recording.artist,487
185,common.topic.article,488
296,music.recording.releases,489
222,music.recording.canonical_version,222
6,music.recording.artist,37
490,music.genre.parent_genre,59
68,music.record_label.releases,491
492,common.webpage.topic,130
493,book.written_work.subjects,0
494,business.trade_union.professions_represented,38
137,freebase.valuenotation.is_reviewed,163
328,music.genre.subgenre,130
495,theater.theater_role.role,19
40,music.instrument.variation,496
497,common.topic.subject_of,247
466,common.topic.subjects,200
25,music.lyricist.lyrics_written,206
8,location.citytown.postal_codes,498
60,common.topic.notable_types,7
37,music.artist.album,62
4,type.type.expected_by,32
19,base.descriptive_names.names.descriptive_name,499
500,base.ontologies.ontology_instance_mapping.freebase_topic,130
19,people.profession.specializations,501
134,music.composition.recordings,134
43,common.topic.image,502
38,base.descriptive_names.names.descriptive_name,503
37,music.producer.tracks_produced,12
19,base.descriptive_names.names.descriptive_name,504
505,common.topic.notable_types,104
64,music.single.versions,64
2,music.genre.subgenre,506
21,music.recording.featured_artists,25
66,common.topic.notable_types,7
2,music.genre.subgenre,507
38,base.descriptive_names.names.descriptive_name,508
8,location.capital_of_administrative_division.capital_of,509
510,fictional_universe.fictional_character.occupation,51
511,medicine.disease_cause.diseases,332
25,film.actor.film,512
513,broadcast.content.language,119
514,broadcast.content.genre,130
515,common.webpage.topic,28
516,common.topic.notable_types,79
28,freebase.type_hints.included_types,24
291,music.artist.genre,130
40,book.book_subject.works,517
294,medicine.risk_factor.diseases,484
302,location.postal_code.country,75
40,visual_art.art_subject.artwork_on_the_subject,518
513,broadcast.content.genre,130
152,broadcast.radio_station.format,130
439,organization.organization.locations,8
50,book.book_subject.works,519
8,location.statistical_region.population,520
35,common.topic.webpage,521
62,music.album.release_type,393
160,music.composer.compositions,206
89,common.webpage.topic,23
522,music.music_video_performance.special_music_video_performance_type,38
523,common.webpage.in_index,284
358,music.recording.featured_artists,25
68,music.record_label.releases,524
35,music.instrument.variation,525
93,music.genre.parent_genre,200
200,music.genre.parent_genre,113
2,music.genre.subgenre,114
306,music.music_video_performance.special_music_video_performance_type,38
29,music.artist.track,139
487,freebase.valuenotation.is_reviewed,163
38,award.award_discipline.awards_in_this_discipline,526
264,music.album.contributor,345
60,common.topic.notable_types,103
19,base.descriptive_names.names.descriptive_name,527
200,music.genre.subgenre,174
21,music.recording.song,21
528,music.recording.song,149
23,common.topic.webpage,421
19,base.descriptive_names.names.descriptive_name,529
118,common.topic.notable_types,7
390,people.person.parents,25
50,media_common.quotation_subject.quotations_about_this_subject,530
185,broadcast.genre.content,55
127,broadcast.content.producer,84
291,common.topic.image,405
229,people.place_lived.location,8
8,travel.travel_destination.tourist_attractions,531
4,base.descriptive_names.names.descriptive_name,532
165,music.genre.parent_genre,208
443,common.webpage.topic,68
124,common.topic.notable_types,7
533,music.genre.parent_genre,188
167,common.topic.notable_types,7
160,music.artist.genre,185
96,music.composition.composer,25
228,type.property.schema,4
38,music.special_music_video_performance_type.special_music_video_performances,306
115,music.composition.recordings,115
351,freebase.type_profile.strict_included_types,426
8,location.statistical_region.population,534
63,music.artist.genre,360
535,common.webpage.topic,28
25,music.artist.contribution,345
8,location.statistical_region.population,536
4,freebase.type_profile.strict_included_types,201
56,broadcast.genre.content,537
300,broadcast.content.producer,84
16,music.genre.subgenre,3
325,music.group_membership.member,25
188,broadcast.genre.content,55
427,music.recording.song,60
134,music.composition.recorded_as_album,134
419,music.music_video_performance.special_music_video_performance_type,38
40,common.topic.image,538
271,rdf-schema#range,100
10,music.instrument.family,539
437,music.recording.contributions,348
68,organization.organization.founders,540
17,music.genre.subgenre,170
73,common.topic.notable_for,541
62,music.recording.artist,37
38,freebase.equivalent_topic.equivalent_type,449
58,common.topic.article,542
28,common.topic.webpage,543
310,common.topic.notable_types,544
23,freebase.type_profile.strict_included_types,201
14,music.genre.artists,63
12,music.recording.producer,37
231,rdf-schema#domain,24
545,music.recording_contribution.contributor,25
546,common.topic.notable_types,79
130,common.topic.webpage,399
181,people.person.gender,43
6,music.single.versions,6
32,common.topic.subjects,230
547,music.music_video_performance.special_music_video_performance_type,38
93,broadcast.radio_format.stations,55
548,fictional_universe.fictional_character.occupation,51
130,music.genre.subgenre,17
12,music.composition.recordings,12
549,music.track_contribution.track,21
50,fictional_universe.character_occupation.characters_with_this_occupation,550
164,music.genre.subgenre,307
288,music.genre.parent_genre,56
76,music.artist.label,166
4,freebase.type_profile.kind,142
487,common.topic.notable_types,4
118,common.topic.article,551
25,music.featured_artist.recordings,552
59,music.genre.parent_genre,505
55,broadcast.broadcast.area_served,75
553,common.webpage.topic,28
23,common.topic.webpage,554
183,people.marriage.type_of_union,555
4,type.type.domain,556
38,people.profession.represented_by_trade_unions,557
8,location.statistical_region.population,558
559,common.webpage.in_index,407
181,people.person.profession,38
560,fictional_universe.fictional_character.occupation,51
561,film.film.country,75
130,music.genre.subgenre,261
43,medicine.risk_factor.diseases,294
206,music.composition.composer,562
38,base.descriptive_names.names.descriptive_name,563
50,common.topic.subject_of,74
564,common.webpage.topic,23
418,music.recording.artist,37
130,broadcast.genre.content,565
63,freebase.valuenotation.has_value,231
566,common.webpage.topic,35
269,music.recording.canonical_version,60
525,music.instrument.family,217
38,music.special_music_video_performance_type.special_music_video_performances,438
109,music.genre.parent_genre,130
38,base.descriptive_names.names.descriptive_name,567
8,location.citytown.postal_codes,568
130,music.genre.parent_genre,114
166,common.topic.webpage,569
38,base.descriptive_names.names.descriptive_name,570
25,common.topic.webpage,571
70,rdf-schema#range,70
56,music.genre.parent_genre,94
487,music.artist.genre,164
334,music.track_contribution.track,572
38,music.special_music_video_performance_type.special_music_video_performances,573
288,music.genre.parent_genre,0
8,travel.travel_destination.tourist_attractions,574
575,award.award_category.disciplines_or_subjects,38
576,music.composition.composer,25
43,medicine.risk_factor.diseases,577
242,music.genre.parent_genre,130
12,music.composition.composer,63
38,common.topic.notable_for,578
163,rdf-schema#range,365
222,common.topic.notable_types,7
118,music.composition.recordings,118
121,people.person.profession,28
25,music.composer.compositions,96
66,common.topic.notable_types,7
8,location.statistical_region.population,579
250,music.genre.parent_genre,113
60,music.composition.recordings,580
4,type.type.expected_by,581
582,common.webpage.topic,23
351,freebase.type_profile.strict_included_types,365
6,common.topic.notable_types,7
73,common.topic.notable_types,150
307,music.genre.parent_genre,94
130,broadcast.genre.content,292
109,broadcast.genre.content,55
55,broadcast.content.genre,109
19,people.profession.specializations,583
37,music.artist.genre,130
217,music.instrument.variation,584
67,music.artist.genre,185
25,music.artist.genre,307
28,base.descriptive_names.names.descriptive_name,585
137,common.topic.notable_types,449
260,music.recording.canonical_version,12
485,common.webpage.topic,28
60,common.topic.notable_types,7
114,music.genre.parent_genre,16
63,freebase.valuenotation.is_reviewed,97
150,freebase.type_profile.strict_included_types,201
248,type.property.schema,24
67,music.composer.compositions,64
160,music.artist.genre,17
200,music.genre.parent_genre,130
559,common.webpage.topic,200
586,common.webpage.topic,28
35,music.instrument.variation,587
245,music.special_music_video_performance_type.special_music_video_performances,61
52,music.recording.artist,37
28,common.topic.webpage,108
160,music.artist.genre,288
174,common.topic.notable_types,104
25,music.lyricist.lyrics_written,73
214,base.biblioness.bibs_location.country,75
37,music.composer.compositions,6
28,common.topic.webpage,588
4,type.type.expected_by,343
589,common.webpage.topic,0
190,freebase.type_profile.strict_included_types,201
590,base.gender.personal_gender_identity.gender_identity,43
38,base.descriptive_names.names.descriptive_name,591
40,music.instrument.variation,592
8,location.hud_county_place.place,8
67,people.person.place_of_birth,8
217,music.instrument.variation,525
63,music.composer.compositions,222
24,type.type.properties,105
35,common.topic.notable_types,363
569,common.webpage.category,593
8,location.citytown.postal_codes,594
16,music.genre.subgenre,595
28,base.descriptive_names.names.descriptive_name,596
56,broadcast.radio_format.stations,55
281,music.genre.parent_genre,467
19,base.descriptive_names.names.descriptive_name,597
28,base.descriptive_names.names.descriptive_name,598
56,music.genre.subgenre,250
28,common.topic.webpage,599
600,common.webpage.topic,130
12,music.composition.recordings,12
64,music.composition.language,119
490,music.genre.parent_genre,0
8,location.citytown.postal_codes,601
165,music.genre.parent_genre,2
38,people.profession.specializations,602
0,book.book_subject.works,189
130,music.genre.subgenre,141
124,music.recording.canonical_version,124
134,music.recording.artist,71
222,common.topic.article,603
8,travel.travel_destination.tourist_attractions,604
605,biology.hybrid_parentage.parent_sex,43
606,common.topic.notable_types,363
38,people.profession.represented_by_trade_unions,607
296,music.recording.artist,25
302,location.location.containedby,214
6,music.composition.recordings,6
130,broadcast.genre.content,608
28,common.topic.webpage,609
68,organization.organization.parent,610
611,music.recording.canonical_version,60
181,common.topic.subject_of,38
67,music.group_member.instruments_played,35
325,music.group_membership.group,381
612,music.recording.artist,37
613,common.webpage.topic,23
32,common.topic.subjects,314
52,common.topic.notable_types,7
614,music.artist.genre,94
615,book.book.editions,615
25,music.artist.label,166
8,location.statistical_region.population,616
2,music.genre.parent_genre,94
35,common.topic.article,617
300,broadcast.content.artist,37
533,music.genre.parent_genre,17
12,music.recording.song,12
167,music.composition.recordings,167
8,location.statistical_region.population,618
404,common.topic.notable_types,7
8,location.citytown.postal_codes,619
130,common.topic.webpage,406
67,people.person.nationality,75
620,common.webpage.topic,130
8,location.location.containedby,75
25,freebase.valuenotation.is_reviewed,163
47,common.topic.notable_types,79
307,music.genre.parent_genre,621
160,people.person.nationality,75
19,music.music_video_character.portrayed_in_music_videos,622
124,music.recording.featured_artists,623
4,type.type.expected_by,413
28,base.lightweight.profession.specialization_of,624
38,common.topic.subjects,625
76,music.composer.compositions,52
130,music.genre.subgenre,200
163,rdf-schema#domain,24
275,broadcast.artist.content,513
281,broadcast.radio_format.stations,55
4,type.type.expected_by,626
19,base.descriptive_names.names.descriptive_name,627
29,people.person.profession,628
0,book.book_subject.works,629
186,medicine.icd_9_cm_classification.includes_classifications,186
12,music.recording.canonical_version,12
4,type.type.expected_by,630
331,medicine.disease.risk_factors,317
118,music.recording.canonical_version,118
64,music.recording.artist,37
28,freebase.type_profile.strict_included_types,201
38,people.profession.specializations,631
60,music.composition.recordings,60
130,common.topic.webpage,632
43,medicine.risk_factor.diseases,633
64,common.topic.notable_types,7
4,type.type.properties,634
0,music.genre.subgenre,323
155,music.instrument.variation,539
635,organization.organization.founders,25
19,music.music_video_character.portrayed_in_music_videos,636
394,music.recording.canonical_version,12
292,broadcast.content.genre,94
38,base.descriptive_names.names.descriptive_name,637
8,travel.travel_destination.tourist_attractions,638
552,music.recording.tracks,552
29,people.person.profession,19
59,music.genre.subgenre,132
25,music.artist.genre,288
29,music.artist.genre,130
130,music.genre.subgenre,132
62,music.recording.artist,37
521,common.webpage.topic,35
217,music.instrument.variation,639
8,location.statistical_region.population,640
56,common.topic.webpage,641
128,location.administrative_division.second_level_division_of,75
136,common.topic.notable_types,104
74,people.person.gender,234
23,fictional_universe.character_occupation.characters_with_this_occupation,642
643,common.webpage.topic,56
644,film.film.country,75
174,music.genre.parent_genre,109
160,music.artist.genre,82
342,people.person.profession,47
8,location.citytown.postal_codes,311
130,music.genre.subgenre,202
549,music.track_contribution.role,193
645,rdf-schema#range,100
51,common.topic.subjects,646
609,common.webpage.topic,28
185,music.genre.parent_genre,200
296,music.recording.song,647
35,music.instrument.variation,648
264,music.album.genre,56
58,music.album.artist,342
19,base.descriptive_names.names.descriptive_name,649
650,common.webpage.topic,23
125,music.recording.song,125
181,common.topic.subjects,38
200,music.genre.subgenre,185
4,type.type.properties,651
6,music.single.versions,6
12,common.topic.notable_types,7
628,fictional_universe.character_occupation.characters_with_this_occupation,652
115,music.composition.recorded_as_album,115
569,common.webpage.in_index,407
11,common.webpage.topic,10
118,music.composition.recordings,118
8,location.citytown.postal_codes,653
206,music.composition.lyricist,654
655,common.topic.notable_types,365
656,common.webpage.topic,130
657,award.award_nomination.award_nominee,68
614,music.musical_group.member,91
24,freebase.type_profile.published,273
167,music.recording.artist,25
8,location.statistical_region.population,658
35,music.instrument.variation,659
660,film.personal_film_appearance.type_of_appearance,245
38,award.award_discipline.awards_in_this_discipline,661
149,common.topic.notable_types,7
40,common.topic.subject_of,662
193,base.events.type_of_performance.performances_of_this_type,663
19,base.descriptive_names.names.descriptive_name,664
55,broadcast.content.genre,170
358,common.topic.notable_for,665
146,music.recording.song,6
130,music.genre.subgenre,82
38,base.descriptive_names.names.descriptive_name,666
4,base.descriptive_names.names.descriptive_name,667
38,people.profession.specializations,668
23,common.topic.webpage,650
43,medicine.risk_factor.diseases,669
130,music.genre.subgenre,188
67,freebase.valuenotation.is_reviewed,70
222,music.composition.recordings,222
580,music.recording.canonical_version,60
670,common.topic.notable_types,363
23,common.topic.webpage,671
32,fictional_universe.character_occupation.characters_with_this_occupation,672
296,music.recording.tracks,647
43,medicine.risk_factor.diseases,673
25,music.artist.label,635
68,music.record_label.releases,674
675,common.topic.notable_types,7
676,business.employment_tenure.title,38
0,music.genre.subgenre,677
523,common.webpage.category,593
43,biology.hybrid_parent_gender.hybrids,678
30,film.film.country,75
241,people.marriage.location_of_ceremony,161
48,music.album.artist,25
167,music.recording.tracks,167
38,base.descriptive_names.names.descriptive_name,679
50,common.topic.article,680
681,common.webpage.topic,56
25,music.artist.track_contributions,373
38,base.descriptive_names.names.descriptive_name,682
19,people.profession.specializations,628
261,broadcast.radio_format.stations,55
93,broadcast.genre.content,55
683,book.written_work.subjects,51
130,common.topic.webpage,492
56,common.topic.webpage,684
644,film.film.starring,512
60,music.recording.artist,37
50,book.book_subject.works,685
8,location.statistical_region.population,686
85,medicine.icd_9_cm_classification.parent_classification,85
41,music.instrument.family,40
487,people.person.profession,38
522,music.music_video_performance.special_music_video_performance_type,245
130,broadcast.genre.content,687
64,common.topic.notable_types,7
157,people.person.languages,119
200,common.topic.webpage,688
306,music.music_video_performance.special_music_video_performance_type,245
76,music.artist.genre,307
561,film.film.genre,200
68,organization.organization.child,689
264,music.album.artist,37
162,freebase.valuenotation.has_value,97
24,freebase.type_hints.included_types,201
12,music.recording.canonical_version,12
288,common.topic.webpage,391
217,music.instrument.variation,606
8,location.statistical_region.population,690
50,freebase.type_profile.equivalent_topic,50
19,base.descriptive_names.names.descriptive_name,691
121,music.artist.genre,299
19,base.descriptive_names.names.descriptive_name,692
2,broadcast.genre.content,687
8,location.statistical_region.population,693
35,common.topic.webpage,694
561,film.film.genre,56
52,music.recording.song,52
103,type.type.domain,556
466,common.topic.subjects,109
487,music.group_member.instruments_played,35
50,fictional_universe.character_occupation.characters_with_this_occupation,695
130,broadcast.genre.content,696
19,base.descriptive_names.names.descriptive_name,697
8,location.statistical_region.population,698
185,music.genre.subgenre,93
48,common.topic.notable_for,699
43,medicine.risk_factor.diseases,700
38,base.descriptive_names.names.descriptive_name,701
35,music.instrument.variation,702
703,common.webpage.topic,23
704,common.webpage.topic,28
705,music.genre.subgenre,706
4,type.type.expected_by,415
59,music.genre.subgenre,490
56,music.genre.subgenre,59
60,music.recording.canonical_version,60
130,broadcast.radio_format.stations,55
38,base.descriptive_names.names.descriptive_name,707
8,location.statistical_region.population,708
17,music.genre.recordings,709
4,freebase.type_profile.equivalent_topic,32
19,common.topic.subject_of,710
711,common.webpage.topic,56
50,projects.project_role.projects,712
525,common.topic.notable_types,363
8,location.statistical_region.population,713
96,music.album.contributor,545
31,music.recording.artist,25
160,people.person.profession,38
40,common.topic.notable_types,544
35,common.topic.subject_of,180
348,music.track_contribution.track,437
130,common.topic.webpage,714
715,broadcast.content.genre,0
16,music.genre.subgenre,242
134,music.composition.recordings,716
60,music.single.versions,427
118,music.recording.producer,37
25,music.artist.track_contributions,549
72,common.topic.notable_for,717
247,music.instrument.variation,35
528,music.recording.canonical_version,149
67,music.artist.genre,261
181,people.person.profession,50
435,music.genre.subgenre,382
149,common.topic.notable_for,718
29,music.artist.genre,2
2,music.genre.subgenre,595
38,base.descriptive_names.names.descriptive_name,719
72,music.genre.parent_genre,16
2,music.genre.subgenre,280
50,media_common.quotation_subject.quotations_about_this_subject,720
300,broadcast.content.genre,130
130,broadcast.genre.content,42
43,medicine.risk_factor.diseases,721
722,film.film.country,75
723,common.webpage.topic,28
8,base.petbreeds.city_with_dogs.top_breeds,724
56,common.topic.webpage,725
67,music.artist.label,166
628,common.topic.subject_of,726
238,music.genre.parent_genre,130
8,location.citytown.postal_codes,727
28,base.descriptive_names.names.descriptive_name,728
174,common.topic.image,729
43,medicine.risk_factor.diseases,730
238,music.genre.parent_genre,56
19,base.descriptive_names.names.descriptive_name,731
360,music.genre.parent_genre,72
615,common.topic.notable_for,732
12,music.composition.recordings,13
165,music.genre.parent_genre,164
55,broadcast.content.genre,93
12,common.topic.notable_for,733
68,award.award_nominee.award_nominations,479
296,common.topic.notable_types,7
40,music.instrument.family,155
25,people.person.children,390
55,broadcast.radio_station.format,295
188,music.genre.subgenre,338
28,base.descriptive_names.names.descriptive_name,734
442,music.album.genre,72
63,music.artist.genre,109
621,music.genre.parent_genre,164
60,music.composition.recordings,60
200,broadcast.genre.content,55
735,music.music_video_performance.music_video_character,19
130,music.genre.subgenre,109
113,common.topic.notable_types,104
62,common.topic.article,736
206,music.composition.lyricist,25
121,music.artist.genre,185
55,broadcast.content.genre,188
130,common.topic.notable_for,737
13,music.recording.canonical_version,12
82,common.topic.article,738
636,music.music_video_performance.music_video_character,19
149,music.recording.song,149
121,music.artist.genre,113
512,film.performance.actor,25
365,freebase.type_profile.published,273
490,common.topic.notable_types,104
274,medicine.disease.risk_factors,43
739,music.music_video_performance.special_music_video_performance_type,38
740,common.topic.notable_types,7
63,music.artist.origin,8
490,music.genre.parent_genre,435
19,base.descriptive_names.names.descriptive_name,741
29,people.person.profession,32
373,music.track_contribution.role,193
511,medicine.disease.parent_disease,511
64,music.single.versions,64
740,common.topic.notable_for,742
158,common.topic.notable_types,104
8,location.citytown.postal_codes,743
32,fictional_universe.character_occupation.characters_with_this_occupation,83
94,common.topic.subject_of,81
512,film.performance.film,644
66,music.recording.producer,37
29,music.artist.genre,94
21,music.recording.song,21
222,music.composition.recordings,675
271,type.property.expected_type,100
130,music.genre.subgenre,744
672,fictional_universe.fictional_character.occupation,23
670,music.instrument.family,35
50,media_common.quotation_subject.quotations_about_this_subject,745
38,music.special_music_video_performance_type.special_music_video_performances,746
25,music.artist.track,139
4,type.type.expected_by,747
174,music.genre.recordings,748
19,base.descriptive_names.names.descriptive_name,749
484,medicine.disease.risk_factors,332
167,music.composition.recordings,167
130,common.topic.webpage,478
750,music.group_membership.group,71
329,common.webpage.topic,23
168,music.composition.recordings,168
167,music.recording.tracks,167
38,base.descriptive_names.names.descriptive_name,751
218,music.group_membership.role,752
753,music.recording_contribution.contributor,25
611,common.topic.notable_types,7
35,music.instrument.variation,267
754,location.location.contains,8
38,base.lightweight.profession.professions_similar,290
525,music.instrument.family,35
2,music.genre.subgenre,706
755,common.topic.subjects,50
40,music.instrument.variation,10
50,fictional_universe.character_occupation.characters_with_this_occupation,756
28,people.profession.specialization_of,32
45,broadcast.content.genre,0
118,music.album.compositions,118
60,common.topic.notable_types,7
40,music.instrument.variation,757
0,book.book_subject.works,758
128,location.location.containedby,214
291,music.artist.genre,93
75,freebase.valuenotation.is_reviewed,199
21,music.recording.artist,759
66,music.composition.language,119
134,common.topic.notable_types,150
105,type.property.master_property,231
67,music.composer.compositions,52
250,music.genre.subgenre,307
39,people.profession.specialization_of,38
150,type.type.domain,556
62,common.topic.notable_types,7
55,broadcast.radio_station.format,261
275,music.artist.genre,281
118,music.recording.artist,37
35,common.topic.webpage,760
38,base.descriptive_names.names.descriptive_name,761
160,music.artist.genre,0
221,people.person.nationality,75
4,type.type.expected_by,762
435,music.genre.subgenre,59
158,music.genre.parent_genre,226
149,music.recording.producer,37
43,base.animalnames.animal_gender.animal_names,763
764,common.webpage.topic,56
67,music.artist.genre,82
43,base.animalnames.animal_gender.animal_names,765
58,common.topic.notable_for,766
38,base.descriptive_names.names.descriptive_name,767
97,type.property.schema,24
768,common.image.size,769
30,film.film.personal_appearances,244
628,people.profession.specialization_of,19
576,music.album.compositions,576
0,common.topic.subject_of,220
174,music.genre.parent_genre,130
50,book.book_subject.works,770
130,common.topic.webpage,771
19,base.descriptive_names.names.descriptive_name,772
60,music.recording.artist,37
345,music.recording_contribution.contributor,25
64,music.composition.recordings,64
773,base.gender.personal_gender_identity.gender_identity,43
123,common.topic.notable_types,150
60,music.composition.recordings,60
23,fictional_universe.character_occupation.characters_with_this_occupation,672
167,music.composition.recordings,167
195,common.topic.notable_types,4
4,type.type.expected_by,4
774,common.image.size,775
4,type.type.expected_by,776
38,base.descriptive_names.names.descriptive_name,777
309,location.administrative_division_capital_relationship.capital,8
183,people.marriage.spouse,270
8,travel.travel_destination.tourist_attractions,778
160,people.person.profession,23
52,music.composition.form,138
60,music.composition.recordings,269
53,music.genre.subgenre,779
25,film.person_or_entity_appearing_in_film.films,660
268,base.ontologies.ontology_class_mapping.freebase_topic,50
569,common.webpage.topic,166
48,common.topic.notable_for,780
4,type.type.expected_by,781
164,music.genre.parent_genre,782
466,common.topic.subjects,82
358,music.recording.tracks,358
30,film.film.produced_by,29
121,music.artist.genre,72
35,music.instrument.variation,783
80,fictional_universe.fictional_character.gender,234
115,music.composition.composer,25
291,music.artist.genre,507
63,music.composer.compositions,118
68,common.topic.notable_for,784
25,music.featured_artist.recordings,296
166,music.record_label.releases,785
189,book.written_work.subjects,0
124,music.recording.tracks,124
786,base.animalnames.animal_specific_name_relationship.gender,43
466,common.topic.subjects,17
4,type.type.expected_by,787
101,common.topic.notable_types,104
115,music.album.release_type,393
19,base.descriptive_names.names.descriptive_name,788
260,music.recording.artist,37
366,biology.hybrid_parentage.parent_sex,43
23,base.lightweight.profession.specialization_of,20
40,common.topic.article,789
8,location.citytown.postal_codes,790
50,freebase.type_hints.included_types,201
28,common.topic.webpage,251
791,medicine.disease.risk_factors,43
25,people.person.gender,43
82,music.genre.parent_genre,295
56,common.topic.webpage,792
130,music.genre.subgenre,793
794,common.webpage.topic,56
291,broadcast.artist.content,369
513,broadcast.content.genre,94
12,music.single.versions,12
222,music.single.versions,675
188,music.genre.subgenre,795
435,music.genre.subgenre,796
118,music.recording.artist,37
41,common.topic.subject_of,247
576,music.album.release_type,393
214,location.administrative_division.country,75
52,music.recording.song,52
63,music.artist.genre,165
678,biology.hybrid_parentage.parent_sex,43
25,music.featured_artist.recordings,797
8,location.citytown.postal_codes,798
37,music.artist.album,12
38,base.descriptive_names.names.descriptive_name,799
130,broadcast.radio_format.stations,800
19,base.descriptive_names.names.descriptive_name,801
802,common.topic.notable_types,79
264,music.album.genre,93
12,music.composition.recordings,418
803,common.webpage.topic,56
43,biology.hybrid_parent_gender.hybrids,804
25,music.artist.contribution,545
8,location.location.events,805
134,music.composition.recordings,134
238,music.genre.subgenre,806
576,music.album.primary_release,807
406,common.webpage.topic,130
146,music.recording.canonical_version,6
25,music.artist.genre,130
67,freebase.valuenotation.is_reviewed,271
322,music.artist.genre,2
43,base.animalnames.animal_gender.animal_names,808
174,common.topic.subjects,809
162,freebase.valuenotation.has_value,231
45,broadcast.content.genre,2
23,common.topic.notable_types,79
130,book.book_subject.works,810
69,freebase.valuenotation.is_reviewed,271
811,common.topic.notable_types,79
38,base.descriptive_names.names.descriptive_name,812
328,music.genre.subgenre,257
38,base.descriptive_names.names.descriptive_name,813
38,common.topic.subjects,814
8,location.citytown.postal_codes,815
60,music.single.versions,612
595,music.genre.parent_genre,0
314,people.person.profession,628
69,freebase.valuenotation.is_reviewed,199
56,music.genre.subgenre,806
130,music.genre.subgenre,816
43,medicine.risk_factor.diseases,817
28,base.descriptive_names.names.descriptive_name,818
250,music.genre.parent_genre,130
217,music.instrument.variation,783
38,base.descriptive_names.names.descriptive_name,819
172,people.person.gender,43
19,base.descriptive_names.names.descriptive_name,820
50,people.profession.specializations,821
52,music.single.versions,52
40,music.instrument.variation,822
0,common.topic.notable_for,823
38,people.profession.specializations,78
356,book.written_work.subjects,40
28,base.descriptive_names.names.descriptive_name,824
12,common.topic.article,825
435,music.genre.subgenre,506
199,type.property.schema,201
826,common.webpage.topic,25
40,music.instrument.variation,827
471,common.topic.notable_types,7
25,people.person.place_of_birth,8
167,music.composition.recordings,167
12,common.topic.notable_types,7
35,music.instrument.variation,828
17,music.genre.subgenre,174
222,music.composition.language,119
328,music.genre.subgenre,59
170,music.genre.subgenre,335
130,music.genre.parent_genre,94
62,music.composition.language,119
8,location.statistical_region.population,829
134,music.composition.recordings,134
369,broadcast.content.genre,2
8,location.hud_foreclosure_area.ofheo_price_change,830
19,base.descriptive_names.names.descriptive_name,831
8,location.statistical_region.population,832
28,common.topic.webpage,833
55,broadcast.content.genre,261
101,music.genre.parent_genre,130
82,music.genre.subgenre,834
4,type.type.expected_by,272
8,location.citytown.postal_codes,835
466,common.topic.subjects,480
19,base.descriptive_names.names.descriptive_name,836
435,music.genre.subgenre,371
294,medicine.disease.parent_disease,511
307,music.genre.parent_genre,837
810,book.written_work.subjects,130
838,base.petbreeds.dog_city_relationship.cities,8
50,common.topic.subjects,646
222,music.recording.artist,37
595,music.genre.parent_genre,2
0,common.topic.webpage,839
52,music.composition.composer,25
840,music.music_video_performance.special_music_video_performance_type,38
67,music.artist.genre,14
2,music.genre.subgenre,242
68,award.award_nominee.award_nominations,657
12,music.composition.recorded_as_album,12
60,music.single.versions,60
628,people.profession.part_of_professional_field,841
114,music.genre.parent_genre,94
43,common.topic.notable_for,842
43,medicine.risk_factor.diseases,843
689,organization.organization_relationship.parent,68
645,type.property.expected_type,100
38,base.descriptive_names.names.descriptive_name,844
342,people.person.nationality,75
6,music.composition.recorded_as_album,6
52,music.recording.canonical_version,52
25,music.composer.compositions,134
17,common.topic.notable_types,104
12,music.single.versions,12
23,common.topic.subject_of,845
307,music.genre.parent_genre,2
35,music.instrument.variation,846
0,music.genre.subgenre,259
130,broadcast.genre.content,847
12,music.recording.artist,37
38,music.special_music_video_performance_type.special_music_video_performances,739
372,education.education.major_field_of_study,10
166,common.topic.webpage,198
121,music.group_member.instruments_played,10
331,medicine.disease.risk_factors,43
35,common.topic.image,848
25,music.artist.contribution,753
19,base.descriptive_names.names.descriptive_name,849
41,common.topic.notable_types,363
850,biology.hybrid_parentage.parent_sex,43
4,type.type.expected_by,343
19,people.profession.specializations,851
130,common.topic.image,852
19,people.profession.specializations,853
149,common.topic.article,854
64,common.topic.notable_types,150
170,music.genre.parent_genre,17
275,music.artist.genre,307
833,common.webpage.topic,28
4,base.descriptive_names.names.descriptive_name,855
123,music.composition.composer,25
242,music.genre.parent_genre,53
159,music.album.release_type,393
2,music.genre.subgenre,250
8,location.hud_foreclosure_area.estimated_number_of_mortgages,856
28,base.descriptive_names.names.descriptive_name,857
291,music.artist.genre,101
28,base.descriptive_names.names.descriptive_name,858
137,freebase.valuenotation.is_reviewed,97
628,common.topic.image,216
797,common.topic.notable_for,859
75,common.topic.notable_types,346
64,common.topic.notable_types,7
16,common.topic.subjects,226
302,location.location.contains,311
35,music.instrument.variation,584
8,location.citytown.postal_codes,860
23,common.topic.webpage,861
40,base.ontologies.ontology_instance.equivalent_instances,246
118,music.composition.recorded_as_album,118
136,music.genre.parent_genre,130
217,music.instrument.variation,35
35,music.instrument.variation,862
487,people.person.nationality,75
137,people.person.nationality,75
229,people.place_lived.person,25
8,location.citytown.postal_codes,863
52,music.composition.recorded_as_album,159
166,music.record_label.releases,864
121,music.composer.compositions,206
71,music.artist.album,576
38,music.special_music_video_performance_type.special_music_video_performances,416
21,common.topic.notable_types,7
63,music.group_member.instruments_played,10
510,fictional_universe.fictional_character.gender,43
56,music.genre.subgenre,238
35,music.instrument.variation,865
40,music.instrument.variation,497
38,base.descriptive_names.names.descriptive_name,866
130,base.ontologies.ontology_instance.equivalent_instances,500
43,base.animalnames.animal_gender.animal_names,867
571,common.webpage.topic,25
40,music.instrument.variation,868
8,location.citytown.postal_codes,869
283,common.webpage.topic,68
23,common.topic.image,870
109,common.topic.subject_of,466
167,music.composition.recorded_as_album,167
8,location.citytown.postal_codes,871
103,freebase.type_profile.published,273
172,people.person.parents,25
94,common.topic.notable_types,104
187,medicine.disease.risk_factors,43
67,music.artist.genre,170
123,music.composition.composer,71
43,medicine.risk_factor.diseases,872
50,media_common.quotation_subject.quotations_about_this_subject,873
12,music.recording.canonical_version,12
170,music.genre.subgenre,480
4,type.type.properties,874
797,music.recording.song,797
797,common.topic.notable_types,7
31,music.recording.tracks,31
875,common.webpage.topic,130
226,music.genre.parent_genre,0
128,location.us_county.hud_county_place,8
139,common.topic.notable_types,7
471,common.topic.notable_for,876
43,base.animalnames.animal_gender.animal_names,786
0,music.genre.subgenre,595
38,base.descriptive_names.names.descriptive_name,877
64,common.topic.notable_types,7
67,freebase.valuenotation.has_value,231
416,music.music_video_performance.special_music_video_performance_type,245
50,book.book_subject.works,683
8,location.citytown.postal_codes,878
172,freebase.valuenotation.has_value,163
121,music.lyricist.lyrics_written,206
307,common.topic.notable_for,879
38,base.descriptive_names.names.descriptive_name,880
50,fictional_universe.character_occupation.characters_with_this_occupation,881
10,music.instrument.variation,882
40,music.instrument.family,247
0,common.topic.webpage,883
185,music.genre.recordings,709
60,music.composition.composer,63
714,common.webpage.topic,130
231,owl#inverseOf,105
40,music.instrument.variation,884
38,book.book_subject.works,885
322,music.group_member.instruments_played,40
134,music.composition.recordings,886
29,freebase.valuenotation.is_reviewed,231
35,music.instrument.variation,887
217,music.instrument.variation,888
63,music.artist.label,68
4,base.descriptive_names.names.descriptive_name,889
37,broadcast.artist.content,127
137,people.person.profession,38
38,base.descriptive_names.names.descriptive_name,890
10,common.topic.notable_types,363
130,music.genre.parent_genre,56
38,base.descriptive_names.names.descriptive_name,891
19,people.profession.specializations,892
222,music.composition.composer,63
56,common.topic.webpage,643
40,music.instrument.variation,417
512,film.performance.character,893
63,people.person.profession,28
206,music.composition.composer,160
894,film.performance.film,895
43,medicine.risk_factor.diseases,896
695,fictional_universe.fictional_character.gender,43
38,base.descriptive_names.names.descriptive_name,897
839,common.webpage.topic,0
119,language.human_language.main_country,75
16,music.genre.subgenre,280
435,common.topic.notable_types,104
63,people.person.profession,32
6,music.recording.canonical_version,6
130,common.topic.subject_of,466
8,location.location.containedby,214
82,music.genre.parent_genre,2
23,base.descriptive_names.names.descriptive_name,898
2,broadcast.genre.content,899
900,common.topic.notable_types,7
85,medicine.icd_9_cm_classification.includes_classifications,85
675,music.recording.canonical_version,222
307,music.genre.parent_genre,435
163,owl#inverseOf,901
99,award.award_honor.award_winner,68
28,base.skosbase.vocabulary_equivalent_topic.narrower_concept,902
37,music.artist.label,166
6,common.topic.notable_for,903
51,book.book_subject.works,904
61,music.music_video_performance.special_music_video_performance_type,38
50,common.topic.subjects,905
906,common.webpage.topic,130
76,freebase.valuenotation.has_no_value,248
61,music.music_video_performance.special_music_video_performance_type,245
149,music.single.versions,528
38,base.descriptive_names.names.descriptive_name,907
38,people.profession.specializations,908
291,music.artist.label,68
52,music.composition.composer,67
356,common.topic.notable_types,190
322,music.artist.track,124
909,common.webpage.topic,23
160,music.group_member.instruments_played,35
6,music.recording.song,6
60,music.single.versions,60
123,music.composition.recordings,910
2,music.genre.subgenre,779
797,music.recording.tracks,797
32,people.profession.specializations,628
134,music.composition.recordings,911
369,broadcast.content.artist,291
214,location.administrative_division.first_level_division_of,75
43,base.gender.gender_identity.people,773
23,base.descriptive_names.names.descriptive_name,912
55,broadcast.radio_station.format,56
28,common.topic.webpage,913
552,common.topic.notable_types,7
76,music.artist.genre,93
67,music.artist.genre,93
19,base.descriptive_names.names.descriptive_name,914
58,music.album.primary_release,915
72,common.topic.notable_types,104
118,music.composition.composer,25
130,music.genre.subgenre,299
314,people.person.nationality,75
402,music.music_video_performance.special_music_video_performance_type,245
43,base.animalnames.animal_gender.animal_names,916
53,music.genre.subgenre,382
231,type.property.schema,24
561,film.film.language,119
38,music.special_music_video_performance_type.special_music_video_performances,917
8,location.statistical_region.population,918
919,medicine.disease.risk_factors,331
130,music.genre.subgenre,101
71,broadcast.artist.content,127
60,music.recording.artist,37
374,music.recording.contributions,373
288,common.topic.notable_for,920
50,common.topic.subject_of,921
43,medicine.risk_factor.diseases,922
67,music.artist.genre,136
32,common.topic.notable_types,79
0,common.topic.image,923
43,medicine.risk_factor.diseases,924
925,common.webpage.topic,28
19,base.descriptive_names.names.descriptive_name,926
50,fictional_universe.character_occupation.characters_with_this_occupation,927
214,location.us_state.capital,8
76,people.person.profession,38
23,type.type.domain,556
23,common.topic.webpage,564
16,common.topic.subjects,16
928,type.property.schema,4
576,music.album.releases,807
60,music.composition.recordings,60
28,common.topic.webpage,444
28,freebase.type_hints.included_types,201
206,music.composition.lyricist,121
217,music.instrument.variation,267
56,common.topic.webpage,929
139,music.recording.artist,930
516,people.profession.specialization_of,38
511,medicine.disease.risk_factors,43
8,location.citytown.postal_codes,931
181,common.topic.subjects,50
43,medicine.risk_factor.diseases,932
52,common.topic.article,933
934,business.trade_union.professions_represented,38
291,music.artist.genre,360
552,music.recording.artist,935
130,common.topic.webpage,600
936,base.animalnames.animal_specific_name_relationship.gender,43
257,common.topic.notable_types,104
50,freebase.type_profile.kind,142
8,location.citytown.postal_codes,937
16,music.genre.subgenre,938
242,music.genre.subgenre,114
471,music.recording.tracks,471
42,broadcast.content.genre,130
167,common.topic.notable_types,150
25,common.topic.notable_for,939
43,freebase.domain_category.domains,940
21,music.album.artist,759
628,base.lightweight.profession.specialization_of,20
222,common.topic.notable_types,7
63,music.composer.compositions,52
420,music.music_video_performance.special_music_video_performance_type,38
222,music.album.compositions,222
941,book.written_work.subjects,75
23,common.topic.webpage,223
93,music.genre.parent_genre,130
218,music.group_membership.member,25
50,base.skosbase.vocabulary_equivalent_topic.narrower_concept,902
490,music.genre.parent_genre,16
208,music.genre.subgenre,782
168,common.topic.notable_types,150
38,base.descriptive_names.names.descriptive_name,942
76,people.person.gender,43
8,location.statistical_region.population,943
56,broadcast.genre.content,944
74,common.topic.notable_types,50
137,common.topic.subject_of,38
222,music.composition.recordings,222
167,music.recording.releases,945
43,fictional_universe.fictional_setting.fictional_characters_born_here,946
23,common.topic.webpage,171
67,music.artist.genre,56
8,location.statistical_region.population,947
247,common.topic.subjects,497
0,music.genre.subgenre,948
33,fictional_universe.fictional_character.occupation,28
8,location.citytown.postal_codes,949
19,base.descriptive_names.names.descriptive_name,950
4,type.type.expected_by,415
206,common.topic.notable_types,150
24,type.type.properties,271
69,common.topic.subjects,28
6,music.recording.song,6
35,music.instrument.variation,951
71,music.artist.album,73
8,common.topic.article,952
38,base.descriptive_names.names.descriptive_name,953
67,music.artist.genre,200
60,music.single.versions,60
96,common.topic.notable_for,954
130,music.genre.subgenre,795
955,common.webpage.category,199
28,common.topic.webpage,723
130,music.genre.subgenre,956
8,location.location.events,957
483,music.music_video_performance.special_music_video_performance_type,38
37,music.artist.album,118
8,location.citytown.postal_codes,958
40,music.instrument.family,539
43,medicine.risk_factor.diseases,86
885,book.written_work.subjects,38
0,music.genre.parent_genre,130
929,common.webpage.topic,56
242,music.genre.parent_genre,2
35,music.instrument.variation,959
60,music.recording.artist,37
217,music.instrument.variation,375
70,rdf-schema#domain,24
166,music.record_label.releases,960
549,music.track_contribution.contributor,25
12,music.single.versions,12
2,music.genre.subgenre,226
19,base.descriptive_names.names.descriptive_name,961
821,common.topic.notable_types,79
962,base.animalnames.animal_specific_name_relationship.gender,43
893,film.film_character.portrayed_in_films,512
56,broadcast.radio_format.stations,963
121,music.artist.label,68
40,music.instrument.variation,964
63,music.composer.compositions,62
50,book.book_subject.works,755
267,music.instrument.family,35
10,music.instrument.family,432
43,freebase.domain_category.domains,965
23,freebase.type_profile.strict_included_types,24
25,people.person.nationality,75
170,common.topic.subject_of,466
966,music.music_video_performance.special_music_video_performance_type,38
270,freebase.valuenotation.has_value,97
4,freebase.type_profile.strict_included_types,426
75,location.country.first_level_divisions,214
214,location.administrative_division.capital,309
43,common.topic.notable_types,967
21,music.recording.tracks,968
250,music.genre.parent_genre,94
109,music.genre.recordings,748
33,fictional_universe.fictional_character.occupation,23
118,music.album.release_type,393
160,music.artist.label,68
0,book.book_subject.works,493
67,music.artist.genre,533
183,people.marriage.spouse,25
43,medicine.risk_factor.diseases,969
43,medicine.risk_factor.diseases,430
118,music.recording.artist,37
8,location.citytown.postal_codes,970
482,music.artist.genre,94
588,common.webpage.topic,28
19,base.descriptive_names.names.descriptive_name,971
10,freebase.valuenotation.has_no_value,199
167,common.topic.article,972
510,people.person.gender,43
23,common.topic.webpage,973
130,music.genre.subgenre,974
195,people.person.languages,119
121,people.person.nationality,75
222,common.topic.notable_for,975
449,freebase.type_profile.equivalent_topic,38
185,music.genre.recordings,18
130,music.genre.subgenre,250
63,freebase.valuenotation.is_reviewed,105
328,music.genre.parent_genre,94
331,medicine.disease.parent_disease,511
8,location.statistical_region.population,976
381,music.artist.genre,94
63,music.artist.genre,72
241,freebase.valuenotation.has_no_value,977
4,type.type.expected_by,415
322,music.artist.label,68
487,freebase.valuenotation.is_reviewed,70
2,broadcast.genre.content,369
275,music.artist.genre,130
497,common.topic.notable_types,363
38,base.descriptive_names.names.descriptive_name,978
8,location.statistical_region.population,979
40,music.instrument.variation,980
40,music.instrument.variation,981
38,award.award_discipline.awards_in_this_discipline,982
672,fictional_universe.fictional_character.occupation,32
447,base.animalnames.animal_specific_name_relationship.gender,43
55,broadcast.content.genre,281
291,music.artist.genre,72
35,common.topic.webpage,566
507,music.genre.parent_genre,2
166,music.record_label.releases,983
67,people.person.profession,32
115,music.single.versions,900
322,music.artist.genre,113
580,music.recording.artist,37
4,type.type.expected_by,343
23,common.topic.image,984
55,broadcast.radio_station.format,200
19,base.descriptive_names.names.descriptive_name,985
21,music.album.release_type,393
442,music.album.release_type,986
67,music.artist.genre,188
0,music.genre.subgenre,250
29,music.artist.genre,200
60,music.recording.canonical_version,60
23,common.topic.webpage,370
63,music.group_member.instruments_played,40
12,music.single.versions,12
552,music.recording.releases,987
56,music.genre.subgenre,239
173,people.sibling_relationship.sibling,172
19,base.descriptive_names.names.descriptive_name,988
38,base.descriptive_names.names.descriptive_name,989
188,music.genre.subgenre,141
38,people.profession.specializations,990
160,people.person.gender,43
50,book.book_subject.works,904
8,location.statistical_region.population,991
43,biology.hybrid_parent_gender.hybrids,992
23,common.topic.webpage,993
354,biology.hybrid_parentage.parent_sex,43
125,music.album.releases,125
125,music.album.artist,25
60,music.composition.recordings,60
21,music.recording.releases,21
756,fictional_universe.fictional_character.gender,43
130,broadcast.genre.content,300
994,common.webpage.topic,130
66,freebase.valuenotation.is_reviewed,343
12,music.recording.song,12
130,music.genre.subgenre,281
32,people.profession.specializations,368
900,music.recording.artist,37
628,people.profession.specializations,368
606,music.instrument.family,35
132,common.topic.subject_of,466
250,music.genre.parent_genre,0
23,base.descriptive_names.names.descriptive_name,995
123,common.topic.notable_for,996
19,base.descriptive_names.names.descriptive_name,997
12,music.recording.canonical_version,12
64,music.composition.recordings,64
782,common.topic.notable_types,104
68,award.award_nominee.award_nominations,998
114,common.topic.notable_types,104
56,music.genre.subgenre,2
208,music.genre.subgenre,621
38,base.descriptive_names.names.descriptive_name,999
226,common.topic.subject_of,16
955,common.webpage.topic,635
228,rdf-schema#range,100
200,music.genre.parent_genre,239
38,base.descriptive_names.names.descriptive_name,1000
412,organization.organization.geographic_scope,75
109,music.genre.subgenre,793
21,music.recording.canonical_version,21
40,book.book_subject.works,1001
29,freebase.valuenotation.is_reviewed,163
8,location.statistical_region.population,1002
21,music.album.artist,25
82,music.genre.subgenre,15
351,freebase.type_hints.included_types,201
266,base.gender.personal_gender_identity.gender_identity,43
38,base.descriptive_names.names.descriptive_name,1003
35,music.instrument.variation,606
390,people.person.sibling_s,173
128,location.us_county.county_seat,8
12,music.recording.artist,37
25,music.artist.origin,8
50,common.topic.subject_of,1004
408,music.track_contribution.role,1005
24,type.type.properties,163
811,people.profession.specialization_of,50
40,music.instrument.variation,1006
275,broadcast.artist.content,369
628,people.profession.specialization_of,32
1007,base.gender.personal_gender_identity.gender_identity,43
37,music.lyricist.lyrics_written,6
72,music.genre.subgenre,295
130,broadcast.genre.content,1008
12,music.composition.recordings,12
461,common.webpage.topic,56
76,music.artist.label,68
166,music.record_label.releases,1009
50,tv.tv_subject.tv_episodes,1010
837,common.topic.notable_types,104
69,people.person.gender,43
217,music.instrument.variation,865
43,medicine.risk_factor.diseases,332
675,music.recording.artist,37
365,freebase.type_hints.included_types,201
109,music.genre.subgenre,533
352,common.webpage.topic,56
174,music.genre.parent_genre,17
160,music.artist.genre,56
43,medicine.risk_factor.diseases,1011
4,base.descriptive_names.names.descriptive_name,1012
40,music.instrument.variation,1013
484,medicine.disease.parent_disease,511
43,medicine.risk_factor.diseases,1014
45,broadcast.content.genre,130
208,music.genre.subgenre,307
83,fictional_universe.fictional_character.gender,43
12,music.single.versions,12
4,common.topic.article,1015
75,base.biblioness.bibs_topic.subsumes,75
23,common.topic.webpage,1016
23,common.topic.webpage,1017
164,broadcast.radio_format.stations,1018
222,music.composition.composer,25
1019,people.place_lived.location,214
46,music.instrument.family,217
158,music.genre.parent_genre,16
50,fictional_universe.character_occupation.characters_with_this_occupation,1020
406,common.webpage.category,593
130,broadcast.genre.content,1021
222,music.album.artist,37
919,medicine.disease.risk_factors,43
449,freebase.type_profile.published,273
60,common.topic.notable_for,1022
993,common.webpage.topic,23
60,music.composition.recorded_as_album,60
294,people.cause_of_death.parent_cause_of_death,511
50,common.topic.subject_of,181
38,people.profession.specializations,1023
32,fictional_universe.character_occupation.characters_with_this_occupation,652
25,music.composer.compositions,576
260,common.topic.notable_types,7
25,people.person.profession,32
121,music.featured_artist.recordings,124
94,common.topic.subject_of,220
43,biology.hybrid_parent_gender.hybrids,850
82,common.topic.image,1024
725,common.webpage.topic,56
41,music.instrument.variation,194
212,common.image.appears_in_topic_gallery,25
63,people.person.gender,43
4,type.type.expected_by,1025
130,common.topic.webpage,875
1026,common.webpage.topic,130
101,music.genre.parent_genre,164
12,common.topic.notable_types,150
92,rdf-schema#range,100
292,broadcast.content.language,119
247,music.instrument.variation,40
38,music.special_music_video_performance_type.special_music_video_performances,840
56,common.topic.webpage,1027
136,music.genre.parent_genre,94
16,music.genre.subgenre,677
73,film.film.language,119
43,common.topic.article,1028
14,common.topic.notable_types,104
314,people.person.gender,43
310,common.topic.subject_of,247
134,music.single.versions,716
25,music.composer.compositions,62
900,music.recording.canonical_version,115
124,music.recording.artist,1029
416,music.music_video_performance.special_music_video_performance_type,38
25,common.topic.image,768
200,broadcast.content.artist,275
28,base.descriptive_names.names.descriptive_name,1030
93,music.genre.parent_genre,185
64,music.composition.recordings,64
247,common.topic.subjects,40
32,common.topic.subject_of,69
69,people.person.nationality,75
612,music.recording.song,60
231,type.property.reverse_property,105
23,common.topic.webpage,1031
487,music.group_member.instruments_played,40
149,music.recording.artist,37
635,common.topic.notable_types,1032
38,common.topic.subject_of,181
8,location.statistical_region.population,1033
43,medicine.risk_factor.diseases,1034
130,common.topic.webpage,1035
64,music.single.versions,64
60,music.recording.song,60
257,music.genre.parent_genre,328
147,common.topic.notable_types,4
160,freebase.valuenotation.is_reviewed,70
63,music.artist.genre,533
449,freebase.type_profile.strict_included_types,201
134,music.single.versions,134
60,common.topic.notable_types,7
611,music.recording.artist,37
43,biology.hybrid_parent_gender.hybrids,605
17,music.genre.subgenre,15
165,music.genre.parent_genre,72
6,music.composition.lyricist,37
28,base.descriptive_names.names.descriptive_name,1036
50,fictional_universe.character_occupation.characters_with_this_occupation,548
264,music.album.genre,17
449,freebase.type_hints.included_types,201
13,music.recording.artist,37
58,common.topic.notable_types,103
493,common.topic.notable_types,190
66,music.composition.recorded_as_album,66
170,music.genre.subgenre,1037
19,base.descriptive_names.names.descriptive_name,1038
8,location.statistical_region.population,1039
25,music.artist.album,125
233,book.written_work.subjects,50
55,broadcast.content.language,119
683,book.written_work.original_language,119
768,common.image.appears_in_topic_gallery,25
109,music.genre.recordings,709
569,common.webpage.in_index,284
71,music.artist.genre,93
72,music.genre.subgenre,93
130,broadcast.radio_format.stations,1018
37,music.producer.tracks_produced,115
55,broadcast.radio_station.format,93
19,base.descriptive_names.names.descriptive_name,1040
200,music.genre.subgenre,188
19,base.descriptive_names.names.descriptive_name,1041
28,base.descriptive_names.names.descriptive_name,1042
62,common.topic.notable_for,1043
43,medicine.risk_factor.diseases,1044
200,common.topic.subject_of,466
168,music.single.versions,168
132,music.genre.parent_genre,467
43,medicine.risk_factor.diseases,1045
37,music.artist.album,159
64,music.recording.song,64
23,people.profession.specializations,1046
60,music.single.versions,60
103,type.type.expected_by,928
466,common.topic.subjects,130
0,music.music_video_genre.music_videos_of_this_genre,1047
40,music.instrument.variation,310
167,music.recording.tracks,167
418,music.recording.canonical_version,12
97,type.property.expected_type,346
146,common.topic.notable_types,7
130,music.genre.subgenre,242
548,fictional_universe.fictional_character.gender,43
206,music.composition.composer,25
52,music.recording.song,52
507,music.genre.parent_genre,0
8,location.citytown.postal_codes,1048
394,music.recording.song,12
53,music.genre.subgenre,0
165,music.genre.parent_genre,0
19,people.profession.specializations,546
25,music.group_member.membership,218
507,music.genre.parent_genre,56
147,people.person.profession,628
118,music.recording.canonical_version,118
130,music.genre.subgenre,1037
38,music.special_music_video_performance_type.special_music_video_performances,1049
1050,common.webpage.topic,23
145,common.webpage.topic,56
149,music.composition.language,119
275,music.artist.genre,2
509,location.administrative_division_capital_relationship.administrative_division,128
810,common.topic.notable_types,190
63,people.person.nationality,75
188,common.topic.subject_of,466
115,common.topic.notable_types,103
23,common.topic.webpage,1051
792,common.webpage.topic,56
123,music.composition.recordings,123
487,people.person.gender,43
0,music.genre.subgenre,507
222,music.recording.artist,37
12,music.composition.form,138
1052,common.webpage.topic,200
38,base.descriptive_names.names.descriptive_name,1053
1054,common.webpage.topic,56
511,people.cause_of_death.parent_cause_of_death,511
29,freebase.valuenotation.is_reviewed,271
130,music.genre.subgenre,371
28,common.topic.webpage,486
1017,common.webpage.topic,23
130,common.topic.notable_types,104
55,broadcast.radio_station.format,185
48,music.album.release_type,393
38,people.profession.specializations,1055
8,location.citytown.postal_codes,1056
610,organization.organization_relationship.child,68
130,common.topic.webpage,422
43,medicine.risk_factor.diseases,1057
247,common.topic.subjects,41
166,organization.organization.headquarters,655
200,music.genre.subgenre,1058
4,base.descriptive_names.names.descriptive_name,1059
56,music.genre.parent_genre,705
130,common.topic.webpage,620
118,music.album.artist,37
412,business.trade_union.professions_represented,38
35,music.instrument.family,35
621,music.genre.parent_genre,208
4,type.type.expected_by,1060
35,music.instrument.variation,1061
32,fictional_universe.character_occupation.characters_with_this_occupation,642
139,music.recording.contributions,1062
62,music.recording.song,62
6,music.single.versions,6
170,broadcast.radio_format.stations,55
281,music.genre.parent_genre,295
130,music.genre.subgenre,1063
226,music.genre.parent_genre,2
75,base.aareas.schema.administrative_area.administrative_children,214
124,music.recording.artist,121
29,music.artist.genre,242
24,type.type.properties,70
164,music.genre.subgenre,621
174,common.topic.subject_of,466
17,music.genre.subgenre,1064
58,music.album.artist,915
43,base.gender.gender_identity.people,87
8,location.statistical_region.population,1065
602,people.profession.specialization_of,38
25,music.artist.genre,174
130,broadcast.genre.content,127
206,music.composition.composer,121
8,travel.travel_destination.tourist_attractions,1066
17,music.genre.parent_genre,130
466,common.topic.subjects,174
166,common.topic.article,1067
38,common.topic.image,1068
52,music.composition.recordings,52
2,music.genre.subgenre,295
281,common.topic.notable_types,104
67,people.person.gender,43
130,common.topic.webpage,1069
53,music.genre.subgenre,242
130,book.book_subject.works,1070
12,common.topic.notable_types,7
65,broadcast.genre.content,1071
125,common.topic.notable_types,7
8,location.statistical_region.population,1072
14,music.genre.artists,67
64,music.single.versions,64
8,location.statistical_region.population,1073
130,common.topic.webpage,994
19,base.descriptive_names.names.descriptive_name,1074
66,music.composition.recordings,66
37,broadcast.artist.content,55
43,biology.hybrid_parent_gender.hybrids,1075
188,music.genre.subgenre,330
12,music.single.versions,12
38,base.skosbase.vocabulary_equivalent_topic.equivalent_concept,1076
29,music.group_member.instruments_played,35
0,music.genre.subgenre,1077
1078,common.webpage.topic,28
28,base.descriptive_names.names.descriptive_name,1079
217,music.instrument.variation,472
318,base.gender.personal_gender_identity.gender_identity,43
1080,common.webpage.topic,130
1081,government.government_position_held.jurisdiction_of_office,8
147,freebase.valuenotation.is_reviewed,70
487,music.group_member.instruments_played,35
8,common.topic.image,1082
356,book.written_work.original_language,119
43,medicine.risk_factor.diseases,1083
974,music.genre.parent_genre,130
12,common.topic.notable_types,103
60,music.composition.composer,25
23,common.topic.webpage,613
63,music.composer.compositions,6
19,base.descriptive_names.names.descriptive_name,1084
1085,base.gender.personal_gender_identity.gender_identity,43
76,music.artist.genre,72
63,people.deceased_person.place_of_death,8
52,music.recording.artist,37
1086,broadcast.content.genre,94
55,broadcast.content.genre,130
217,music.instrument.variation,458
76,freebase.valuenotation.is_reviewed,97
38,base.descriptive_names.names.descriptive_name,1087
62,music.composition.form,138
8,location.statistical_region.population,1088
149,common.topic.notable_types,150
29,people.person.gender,43
2,music.genre.subgenre,82
334,music.track_contribution.role,193
67,music.group_member.instruments_played,35
19,base.descriptive_names.names.descriptive_name,1089
29,music.group_member.instruments_played,310
16,common.topic.subject_of,81
1090,music.group_membership.role,752
466,common.topic.subjects,93
12,music.single.versions,387
750,music.group_membership.role,752
134,music.single.versions,134
240,book.written_work.subjects,50
580,common.topic.notable_types,7
19,people.profession.specializations,1091
64,music.single.versions,64
12,music.recording.artist,37
50,fictional_universe.character_occupation.characters_with_this_occupation,1092
82,film.film_genre.films_in_this_genre,1093
32,people.profession.specializations,28
130,broadcast.genre.content,1071
1094,common.webpage.topic,23
68,common.topic.article,1095
130,broadcast.radio_format.stations,152
50,freebase.type_profile.strict_included_types,426
38,base.descriptive_names.names.descriptive_name,1096
146,music.recording.artist,37
76,people.person.nationality,75
4,type.type.properties,645
51,book.book_subject.works,240
23,freebase.type_profile.equivalent_topic,23
928,type.property.expected_type,103
554,common.webpage.topic,23
281,music.genre.subgenre,132
130,broadcast.genre.content,513
75,location.location.time_zones,106
8,location.statistical_region.population,1097
50,fictional_universe.character_occupation.characters_with_this_occupation,510
43,medicine.risk_factor.diseases,1098
1099,base.thoroughbredracing.thoroughbred_racehorse.sex,43
311,location.location.containedby,128
25,film.person_or_entity_appearing_in_film.films,244
8,location.citytown.postal_codes,1100
12,common.topic.notable_types,7
25,common.topic.webpage,523
546,people.profession.specialization_of,19
115,common.topic.notable_types,7
0,music.genre.parent_genre,94
115,music.composition.recordings,900
494,organization.organization.geographic_scope,75
1090,freebase.valuenotation.has_no_value,92
28,common.topic.webpage,1101
60,music.recording.producer,37
51,base.lightweight.profession.specialization_of,624
38,base.descriptive_names.names.descriptive_name,1102
214,base.locations.states_and_provences.country,75
715,broadcast.content.genre,130
24,freebase.type_profile.strict_included_types,426
4,base.descriptive_names.names.descriptive_name,1103
226,music.genre.parent_genre,53
19,base.descriptive_names.names.descriptive_name,1104
192,music.track_contribution.track,1105
167,music.composition.recordings,167
796,common.topic.notable_types,104
23,music.performance_role.regular_performances,1106
404,music.recording.song,12
511,people.cause_of_death.includes_causes_of_death,341
121,music.artist.genre,130
38,people.profession.specializations,1107
38,music.special_music_video_performance_type.special_music_video_performances,1108
167,music.composition.recordings,167
12,music.composition.composer,25
283,common.webpage.category,593
63,music.artist.genre,307
48,music.recording.tracks,48
797,music.recording.releases,1109
56,music.genre.subgenre,130
38,base.descriptive_names.names.descriptive_name,1110
342,music.group_member.instruments_played,10
200,music.genre.subgenre,17
200,common.topic.image,1111
40,visual_art.art_subject.artwork_on_the_subject,1112
750,music.group_membership.member,25
765,base.animalnames.animal_specific_name_relationship.gender,43
641,common.webpage.topic,56
113,music.genre.subgenre,1113
139,music.recording.tracks,139
487,music.group_member.instruments_played,217
35,music.instrument.variation,1114
782,music.genre.subgenre,307
2,music.genre.subgenre,307
208,music.genre.subgenre,165
85,medicine.disease.risk_factors,43
43,medicine.risk_factor.diseases,1115
263,base.petbreeds.dog_city_relationship.cities,8
342,people.person.gender,43
348,music.track_contribution.role,1005
132,music.genre.parent_genre,239
19,base.descriptive_names.names.descriptive_name,1116
43,medicine.risk_factor.diseases,1117
12,common.topic.notable_types,7
281,music.genre.subgenre,200
19,base.descriptive_names.names.descriptive_name,1118
218,freebase.valuenotation.is_reviewed,1119
185,music.genre.parent_genre,130
1120,common.webpage.topic,28
124,music.recording.artist,1121
8,location.statistical_region.population,1122
50,fictional_universe.character_occupation.characters_with_this_occupation,560
172,freebase.valuenotation.has_value,97
82,common.topic.notable_for,1123
30,film.film.language,119
37,music.producer.tracks_produced,149
58,music.album.genre,56
883,common.webpage.topic,0
19,base.descriptive_names.names.descriptive_name,1124
0,music.genre.subgenre,158
23,fictional_universe.character_occupation.characters_with_this_occupation,1125
8,location.statistical_region.population,1126
189,book.written_work.subjects,75
28,base.descriptive_names.names.descriptive_name,1127
247,common.topic.subjects,310
121,music.artist.genre,0
1128,music.instrument.family,217
43,medicine.risk_factor.diseases,186
96,music.composition.composer,1129
113,music.genre.subgenre,250
291,music.producer.tracks_produced,797
8,location.statistical_region.population,1130
291,music.composer.compositions,797
311,location.location.containedby,302
29,freebase.valuenotation.has_value,248
67,music.artist.genre,17
43,base.animalnames.animal_gender.animal_names,936
35,base.schemastaging.context_name.pronunciation,1131
200,film.film_genre.films_in_this_genre,561
28,tv.tv_subject.tv_episodes,1132
62,music.single.versions,62
64,music.recording.canonical_version,64
134,music.single.versions,911
8,location.citytown.postal_codes,1133
261,music.genre.parent_genre,130
487,music.artist.genre,59
134,music.single.versions,134
167,common.topic.notable_for,1134
19,base.descriptive_names.names.descriptive_name,1135
37,music.artist.album,115
576,music.composition.lyricist,25
58,music.album.genre,93
25,music.group_member.membership,750
8,location.citytown.postal_codes,1136
296,common.topic.notable_for,1137
137,people.person.gender,234
8,location.citytown.postal_codes,1138
8,location.citytown.postal_codes,1139
43,base.gender.gender_identity.people,1140
188,music.genre.subgenre,1141
740,music.recording.tracks,1142
12,music.recording.canonical_version,12
25,common.topic.image,774
130,broadcast.genre.content,514
645,type.property.schema,4
8,location.citytown.postal_codes,1143
58,music.album.artist,1144
28,fictional_universe.character_occupation.characters_with_this_occupation,1145
62,common.topic.notable_types,103
51,common.topic.notable_types,79
25,music.composer.compositions,222
168,music.composition.composer,25
1146,medicine.disease.risk_factors,43
497,music.instrument.family,539
760,common.webpage.topic,35
4,freebase.documented_object.documentation,1015
35,common.topic.webpage,34
56,common.topic.webpage,1147
43,medicine.risk_factor.diseases,1146
308,common.webpage.topic,23
10,base.ontologies.ontology_instance.equivalent_instances,1148
50,fictional_universe.character_occupation.characters_with_this_occupation,1149
628,people.profession.corresponding_type,4
224,common.webpage.topic,23
167,music.composition.recordings,167
559,common.webpage.in_index,284
168,common.topic.notable_types,7
28,base.descriptive_names.names.descriptive_name,1150
14,music.genre.parent_genre,136
23,common.topic.webpage,909
528,common.topic.notable_types,7
442,music.album.contributor,753
754,location.administrative_division.second_level_division_of,75
572,music.recording.contributions,334
369,broadcast.content.artist,275
21,music.single.versions,21
367,common.webpage.category,199
114,music.genre.parent_genre,2
8,location.citytown.postal_codes,1151
23,common.topic.subjects,809
64,music.recording.song,64
217,music.instrument.variation,196
746,music.music_video_performance.special_music_video_performance_type,38
291,broadcast.artist.content,465
28,common.topic.webpage,925
228,type.property.expected_type,100
60,common.topic.notable_types,7
8,location.statistical_region.population,1152
73,music.composition.lyricist,25
161,location.location.containedby,75
12,music.single.versions,12
130,music.genre.subgenre,360
32,people.profession.specializations,23
64,music.recording.song,64
43,medicine.risk_factor.diseases,1153
136,music.genre.parent_genre,113
55,broadcast.content.artist,37
147,freebase.valuenotation.is_reviewed,231
76,common.topic.notable_types,4
16,common.topic.subjects,628
1154,base.petbreeds.dog_city_relationship.cities,8
111,music.instrument.family,217
43,base.skosbase.vocabulary_equivalent_topic.equivalent_concept,1155
763,base.animalnames.animal_specific_name_relationship.gender,43
1027,common.webpage.topic,56
28,people.profession.corresponding_type,4
387,common.topic.notable_types,7
0,book.book_subject.works,941
60,music.composition.recordings,427
160,music.artist.genre,93
507,music.genre.parent_genre,94
442,music.album.artist,71
64,music.recording.song,64
67,music.composer.compositions,118
8,base.biblioness.bibs_location.state,214
365,type.type.properties,901
74,people.person.profession,50
58,music.album.genre,94
0,common.topic.webpage,589
130,music.genre.subgenre,239
52,music.composition.language,119
25,common.topic.notable_types,4
38,people.profession.specializations,1156
109,music.genre.subgenre,795
29,music.artist.genre,288
4,type.type.expected_by,4
37,music.artist.label,68
941,common.topic.notable_types,190
150,freebase.type_profile.published,273
12,music.composition.recordings,12
1008,broadcast.content.genre,94
115,music.album.compositions,115
214,base.aareas.schema.administrative_area.capital,8
1157,media_common.quotation.subjects,51
300,broadcast.content.genre,56
6,music.recording.canonical_version,6
38,people.profession.specializations,1158
152,broadcast.radio_station.format,0
96,music.album.release_type,393
442,music.album.genre,56
74,common.topic.subjects,50
45,broadcast.content.genre,94
19,base.descriptive_names.names.descriptive_name,1159
8,location.statistical_region.population,1160
72,music.genre.parent_genre,295
43,base.gender.gender_identity.people,1161
6,music.composition.recordings,6
136,music.genre.parent_genre,200
390,people.person.gender,234
121,music.group_member.instruments_played,35
821,people.profession.specialization_of,50
572,common.topic.notable_types,7
37,freebase.valuenotation.has_no_value,228
114,music.genre.subgenre,130
19,people.profession.specializations,1162
160,freebase.valuenotation.has_value,231
60,music.recording.canonical_version,60
174,music.genre.subgenre,1064
43,medicine.risk_factor.diseases,511
164,music.genre.subgenre,782
6,music.composition.composer,37
487,music.artist.genre,2
43,medicine.risk_factor.diseases,1163
300,broadcast.content.genre,94
149,common.topic.notable_types,103
2,music.genre.subgenre,806
1164,common.webpage.topic,23
307,music.genre.parent_genre,782
1128,music.instrument.family,35
302,location.location.containedby,128
43,base.animalnames.animal_gender.animal_names,962
71,music.artist.album,134
56,common.topic.notable_types,104
71,music.artist.genre,0
611,music.recording.song,60
125,music.recording.artist,25
105,type.property.expected_type,24
160,music.group_member.instruments_played,40
50,tv.tv_subject.tv_episodes,1165
37,music.artist.album,222
149,music.composition.form,138
28,common.topic.webpage,586
487,freebase.valuenotation.is_reviewed,271
50,fictional_universe.character_occupation.characters_with_this_occupation,1166
118,music.composition.form,138
50,fictional_universe.character_occupation.characters_with_this_occupation,1167
435,music.genre.parent_genre,94
23,people.profession.specializations,1168
37,music.musical_group.member,218
155,music.instrument.variation,40
8,location.location.events,1169
25,music.composer.compositions,149
214,location.location.time_zones,106
10,base.skosbase.vocabulary_equivalent_topic.narrower_concept,1170
38,base.descriptive_names.names.descriptive_name,1171
12,music.album.artist,37
439,organization.organization.geographic_scope,75
154,music.instrument.family,40
174,common.topic.notable_for,1172
43,medicine.risk_factor.diseases,1173
25,music.artist.genre,93
6,music.composition.recordings,6
149,music.composition.composer,63
19,base.schemastaging.context_name.pronunciation,1174
614,music.artist.genre,130
261,broadcast.radio_format.stations,800
715,broadcast.content.genre,94
155,common.topic.notable_types,363
25,music.group_member.membership,1090
35,music.instrument.family,247
29,people.person.nationality,75
8,location.statistical_region.population,1175
443,common.webpage.category,199
19,base.descriptive_names.names.descriptive_name,1176
264,music.album.genre,72
93,common.topic.article,1177
65,music.genre.subgenre,1178
109,music.genre.parent_genre,59
19,base.descriptive_names.names.descriptive_name,1179
291,common.topic.notable_types,4
632,common.webpage.topic,130
147,freebase.valuenotation.is_reviewed,199
51,common.topic.subject_of,240
35,common.topic.image,1180
214,base.aareas.schema.administrative_area.administrative_parent,75
628,common.topic.subject_of,16
4,type.type.expected_by,343
367,common.webpage.resource,1181
38,people.profession.represented_by_trade_unions,494
487,people.person.profession,32
2,music.genre.subgenre,382
60,music.composition.language,119
28,base.descriptive_names.names.descriptive_name,1182
62,music.single.versions,62
1183,common.webpage.topic,68
130,music.genre.subgenre,257
484,medicine.disease.risk_factors,331
510,fictional_universe.fictional_character.occupation,50
40,music.instrument.variation,1184
29,music.artist.genre,0
134,common.topic.article,1185
635,common.topic.webpage,955
38,common.topic.notable_types,79
68,music.record_label.releases,1186
25,common.topic.article,1187
124,music.recording.tracks,124
19,base.descriptive_names.names.descriptive_name,1188
755,book.written_work.subjects,50
40,music.instrument.variation,1189
307,music.genre.subgenre,93
300,broadcast.content.artist,291
8,location.statistical_region.population,1190
93,music.genre.parent_genre,72
275,broadcast.artist.content,152
43,medicine.risk_factor.diseases,1191
50,tv.tv_subject.tv_episodes,1192
19,people.profession.part_of_professional_field,841
167,music.recording.lyrics_website,1193
248,type.property.master_property,1194
754,location.location.time_zones,106
291,music.artist.genre,94
8,base.petbreeds.city_with_dogs.top_breeds,429
118,music.single.versions,118
250,common.topic.notable_types,104
56,music.genre.parent_genre,796
130,common.topic.image,1195
25,music.composer.compositions,206
32,base.lightweight.profession.specialization_of,20
645,rdf-schema#domain,4
12,music.composition.recordings,394
672,fictional_universe.fictional_character.occupation,28
50,base.schemastaging.context_name.pronunciation,1196
1153,medicine.disease.risk_factors,43
67,freebase.valuenotation.is_reviewed,163
132,music.genre.subgenre,795
64,common.topic.notable_types,7
23,people.profession.specialization_of,32
200,music.genre.subgenre,295
134,common.topic.notable_types,7
35,music.instrument.variation,1197
371,music.genre.subgenre,257
115,music.composition.language,119
124,music.recording.featured_artists,121
576,music.composition.recorded_as_album,576
1198,projects.project_participation.role,50
8,base.petbreeds.city_with_dogs.top_breeds,98
288,music.genre.parent_genre,250
342,music.artist.genre,94
1199,music.track_contribution.role,40
300,broadcast.content.artist,935
23,common.topic.webpage,1094
71,broadcast.artist.content,465
38,common.topic.subjects,726
43,medicine.risk_factor.diseases,484
8,location.citytown.postal_codes,1200
8,location.statistical_region.population,1201
12,common.topic.notable_types,7
226,music.genre.subgenre,158
50,media_common.quotation_subject.quotations_about_this_subject,1202
10,common.topic.article,1203
497,music.instrument.family,40
118,common.topic.notable_types,103
1008,broadcast.content.genre,130
115,music.recording.song,115
16,music.genre.subgenre,114
12,music.recording.artist,37
130,music.genre.subgenre,533
68,common.topic.webpage,283
435,music.genre.subgenre,257
307,music.genre.parent_genre,130
644,film.film.language,119
77,base.gender.personal_gender_identity.gender_identity,43
1204,common.webpage.topic,23
48,common.topic.notable_types,103
25,music.composer.compositions,118
17,music.genre.parent_genre,200
8,base.petbreeds.city_with_dogs.top_breeds,1205
12,music.recording.canonical_version,12
38,base.descriptive_names.names.descriptive_name,1206
56,common.topic.webpage,681
32,people.profession.specializations,47
35,common.topic.webpage,1207
43,medicine.risk_factor.diseases,919
8,base.petbreeds.city_with_dogs.top_breeds,1154
4,type.type.expected_by,343
797,music.recording.featured_artists,25
1147,common.webpage.topic,56
371,music.genre.parent_genre,130
65,broadcast.genre.content,45
28,base.descriptive_names.names.descriptive_name,1208
43,medicine.risk_factor.diseases,1209
35,music.instrument.variation,1210
940,freebase.domain_profile.category,43
19,base.descriptive_names.names.descriptive_name,1211
441,common.webpage.topic,23
199,rdf-schema#domain,201
130,broadcast.genre.content,1212
1031,common.webpage.topic,23
118,music.recording.song,118
291,freebase.valuenotation.is_reviewed,199
56,broadcast.genre.content,55
58,music.album.releases,915
60,music.composition.recordings,612
47,base.lightweight.profession.specialization_of,20
635,common.topic.article,1213
841,people.professional_field.professions_in_this_field,19
28,fictional_universe.character_occupation.characters_with_this_occupation,652
56,film.film_genre.films_in_this_genre,561
8,location.statistical_region.population,1214
38,music.special_music_video_performance_type.special_music_video_performances,547
1099,biology.organism.sex,43
23,book.book_subject.works,1070
19,base.descriptive_names.names.descriptive_name,1215
130,broadcast.genre.content,715
172,people.person.parents,270
130,music.genre.subgenre,170
8,base.petbreeds.city_with_dogs.top_breeds,26
222,music.single.versions,222
684,common.webpage.topic,56
28,common.topic.webpage,515
30,film.film.directed_by,29
130,music.genre.subgenre,338
66,music.album.compositions,66
139,music.recording.tracks,139
4,type.type.expected_by,1216
17,common.topic.subject_of,466
660,film.personal_film_appearance.person,25
121,music.artist.genre,288
50,base.skosbase.vocabulary_equivalent_topic.narrower_concept,1217
50,common.topic.subject_of,1218
208,common.topic.notable_types,104
292,broadcast.content.genre,130
167,music.composition.recordings,167
25,music.composer.compositions,167
328,music.genre.subgenre,706
296,music.recording.tracks,296
109,music.genre.recordings,1219
60,music.composition.recordings,60
404,music.recording.artist,37
71,music.artist.album,168
56,common.topic.webpage,1054
25,music.artist.album,48
72,common.topic.article,1220
672,fictional_universe.fictional_character.gender,43
43,medicine.risk_factor.diseases,1221
576,music.album.artist,71
19,music.music_video_character.portrayed_in_music_videos,735
23,base.descriptive_names.names.descriptive_name,1222
8,location.statistical_region.population,1223
67,music.group_member.instruments_played,40
29,music.group_member.instruments_played,10
76,music.artist.genre,16
394,common.topic.notable_types,7
8,common.topic.notable_for,1224
218,freebase.valuenotation.is_reviewed,1225
560,fictional_universe.fictional_character.gender,234
390,freebase.valuenotation.has_value,163
50,freebase.type_hints.included_types,24
127,broadcast.content.genre,94
576,common.topic.notable_for,1226
8,location.statistical_region.population,1227
160,music.artist.genre,72
977,rdf-schema#range,100
322,music.artist.genre,56
72,music.genre.parent_genre,130
16,broadcast.genre.content,899
12,music.composition.recordings,12
48,music.recording.artist,25
23,common.topic.webpage,143
25,music.artist.track,125
118,music.composition.composer,63
184,type.property.expected_type,365
23,freebase.equivalent_topic.equivalent_type,23
38,base.descriptive_names.names.descriptive_name,1228
63,music.artist.genre,257
60,music.composition.recordings,60
121,music.artist.genre,200
63,freebase.valuenotation.is_reviewed,271
25,music.artist.track,124
31,common.topic.notable_for,1229
231,type.property.expected_type,24
0,book.periodical_subject.periodicals,252
4,type.type.expected_by,225
1230,common.webpage.topic,23
0,music.genre.subgenre,226
438,music.music_video_performance.special_music_video_performance_type,39
51,media_common.quotation_subject.quotations_about_this_subject,1202
32,common.topic.subject_of,845
722,film.film.personal_appearances,660
753,music.recording_contribution.album,442
50,people.profession.corresponding_type,50
28,base.descriptive_names.names.descriptive_name,1231
25,music.composer.compositions,115
222,common.topic.notable_types,103
8,location.citytown.postal_codes,1232
31,music.recording.releases,1233
69,freebase.valuenotation.is_reviewed,163
51,media_common.quotation_subject.quotations_about_this_subject,1157
337,common.webpage.topic,130
35,common.topic.subject_of,1234
28,base.descriptive_names.names.descriptive_name,1235
270,people.person.children,172
427,music.recording.artist,37
71,music.musical_group.member,1090
62,music.album.compositions,62
67,music.artist.genre,72
47,people.profession.specialization_of,23
2,music.genre.parent_genre,56
19,base.descriptive_names.names.descriptive_name,1236
4,base.descriptive_names.names.descriptive_name,1237
16,music.genre.subgenre,490
4,base.descriptive_names.names.descriptive_name,1238
124,music.recording.tracks,124
60,music.recording.canonical_version,60
63,music.artist.genre,94
29,music.artist.genre,250
62,music.composition.recordings,62
43,base.animalnames.animal_gender.animal_names,1239
67,music.artist.genre,2
160,people.person.profession,28
51,book.book_subject.works,685
132,music.genre.parent_genre,130
68,music.record_label.releases,1240
38,base.descriptive_names.names.descriptive_name,1241
8,location.citytown.postal_codes,1242
38,base.descriptive_names.names.descriptive_name,1243
4,type.type.expected_by,343
1244,common.webpage.topic,28
0,music.genre.subgenre,1245
24,type.type.properties,248
4,type.type.properties,1246
60,music.single.versions,611
1207,common.webpage.topic,35
528,music.recording.artist,37
60,music.composition.form,138
688,common.webpage.topic,200
307,common.topic.article,1247
111,common.topic.notable_types,363
1101,common.webpage.topic,28
24,type.type.properties,97
663,base.events.performance.type_of_performance,40
50,freebase.type_profile.strict_included_types,201
64,music.composition.composer,160
390,common.topic.notable_for,1248
56,music.genre.subgenre,288
38,base.descriptive_names.names.descriptive_name,1249
43,medicine.risk_factor.diseases,1250
130,common.topic.webpage,1251
64,music.single.versions,64
264,common.topic.notable_types,103
31,common.topic.notable_types,1252
6,common.topic.notable_types,7
113,music.genre.subgenre,200
158,music.genre.parent_genre,94
147,people.person.gender,43
37,broadcast.artist.content,300
130,broadcast.radio_format.stations,84
226,common.topic.notable_types,104
69,common.topic.subjects,32
170,common.topic.notable_types,104
181,common.topic.notable_types,50
118,music.recording.artist,37
221,common.topic.subjects,50
25,freebase.valuenotation.is_reviewed,70
188,music.genre.subgenre,533
351,freebase.type_hints.included_types,365
808,base.animalnames.animal_specific_name_relationship.gender,234
599,common.webpage.topic,28
1253,common.webpage.topic,23
68,common.topic.notable_types,1032
200,broadcast.radio_format.stations,55
8,location.statistical_region.population,1254
8,location.citytown.postal_codes,1255
130,music.genre.subgenre,1178
130,music.genre.subgenre,136
449,freebase.type_hints.included_types,24
1251,common.webpage.topic,130
60,music.single.versions,580
125,common.topic.notable_for,1256
797,music.recording.canonical_version,797
19,base.descriptive_names.names.descriptive_name,1257
118,music.recording.song,118
66,music.recording.song,66
43,sports.sports_gender.sports_teams,1258
28,common.topic.webpage,704
67,music.artist.genre,113
322,people.person.profession,28
40,common.topic.subject_of,1234
206,music.composition.lyricist,562
1014,medicine.disease.risk_factors,43
53,common.topic.notable_types,104
8,location.statistical_region.population,1259
6,music.recording.artist,37
533,music.genre.parent_genre,109
51,people.profession.corresponding_type,50
712,projects.project_participation.role,50
130,book.periodical_subject.periodicals,252
168,music.composition.recorded_as_album,168
83,fictional_universe.fictional_character.occupation,47
404,music.recording.canonical_version,12
28,type.type.domain,556
663,base.events.performance.type_of_performance,193
91,music.group_membership.group,614
635,common.topic.notable_for,1260
1049,music.music_video_performance.special_music_video_performance_type,245
509,location.administrative_division_capital_relationship.capital,8
23,common.topic.webpage,1261
418,common.topic.notable_types,7
12,music.single.versions,260
248,rdf-schema#range,1262
12,music.composition.recordings,12
8,location.citytown.postal_codes,1263
29,people.person.profession,38
38,music.special_music_video_performance_type.special_music_video_performances,1264
247,common.topic.notable_types,363
208,music.genre.subgenre,53
64,common.topic.notable_for,1265
67,music.artist.genre,109
185,common.topic.notable_for,1266
166,music.record_label.releases,1267
449,freebase.type_profile.strict_included_types,426
1268,common.webpage.topic,130
38,base.descriptive_names.names.descriptive_name,1269
47,fictional_universe.character_occupation.characters_with_this_occupation,83
37,music.artist.album,66
331,medicine.risk_factor.diseases,919
38,music.special_music_video_performance_type.special_music_video_performances,966
791,freebase.valuenotation.has_no_value,199
28,common.topic.webpage,1120
615,common.topic.notable_types,190
0,music.genre.subgenre,72
115,music.album.artist,37
38,people.profession.represented_by_trade_unions,1270
217,common.topic.notable_types,363
275,music.artist.genre,200
218,freebase.valuenotation.has_no_value,92
28,common.topic.subject_of,69
66,music.single.versions,66
307,music.genre.parent_genre,56
123,music.composition.recordings,123
152,broadcast.content.artist,275
38,common.topic.subject_of,450
130,common.topic.article,1271
1105,common.topic.notable_types,7
740,music.recording.artist,195
28,fictional_universe.character_occupation.characters_with_this_occupation,376
43,biology.hybrid_parent_gender.hybrids,459
114,music.genre.subgenre,1245
40,book.book_subject.works,1272
82,common.topic.notable_types,104
38,people.profession.represented_by_trade_unions,1273
4,type.type.properties,928
51,people.profession.specializations,50
1105,music.recording.contributions,192
160,freebase.valuenotation.is_reviewed,163
43,medicine.risk_factor.diseases,1274
40,music.instrument.variation,339
19,common.topic.subject_of,81
121,music.group_member.instruments_played,35
195,people.person.profession,32
4,base.descriptive_names.names.descriptive_name,1275
63,music.artist.genre,93
2,music.genre.subgenre,956
52,music.composition.recordings,52
52,common.topic.notable_types,150
71,broadcast.artist.content,537
63,music.artist.genre,17
28,fictional_universe.character_occupation.characters_with_this_occupation,1276
487,music.artist.genre,0
55,broadcast.radio_station.format,17
511,people.cause_of_death.includes_causes_of_death,294
294,medicine.disease.symptoms,1277
118,music.composition.composer,67
6,music.single.versions,6
8,location.citytown.postal_codes,1278
0,common.topic.article,1279
64,music.composition.recordings,64
23,common.topic.webpage,350
615,book.written_work.author,25
25,music.composer.compositions,12
434,common.webpage.topic,28
14,music.genre.parent_genre,17
267,common.topic.notable_types,363
28,common.topic.webpage,1244
28,award.award_discipline.awards_in_this_discipline,1280
4,type.type.properties,1281
6,music.album.release_type,393
21,music.album.primary_release,21
60,music.album.compositions,60
62,music.recording.artist,37
147,people.person.profession,38
507,music.genre.subgenre,360
200,music.genre.subgenre,93
50,projects.project_role.projects,1198
1282,common.webpage.topic,23
543,common.webpage.topic,28
371,music.genre.parent_genre,56
19,base.descriptive_names.names.descriptive_name,1283
1284,music.music_video_performance.music_video_character,19
342,music.artist.album,58
60,music.recording.artist,37
17,music.genre.subgenre,480
576,common.topic.notable_types,103
271,type.property.schema,24
73,common.topic.article,1285
50,common.topic.notable_for,1286
28,common.topic.notable_for,1287
28,fictional_universe.character_occupation.characters_with_this_occupation,1288
8,location.statistical_region.population,1289
2,broadcast.genre.content,45
1199,music.track_contribution.role,1005
200,common.topic.notable_for,1290
8,location.statistical_region.population,1291
28,base.descriptive_names.names.descriptive_name,1292
56,broadcast.radio_format.stations,1293
71,music.artist.genre,239
56,common.topic.webpage,803
28,common.topic.webpage,1078
64,music.recording.artist,37
67,music.artist.genre,238
50,common.topic.subjects,314
275,music.artist.genre,113
93,music.genre.parent_genre,307
584,music.instrument.family,35
25,freebase.valuenotation.has_value,231
181,common.topic.subject_of,50
154,common.topic.notable_types,363
28,book.book_subject.works,1294
109,music.genre.recordings,1295
25,people.person.places_lived,1019
63,music.artist.genre,136
38,base.descriptive_names.names.descriptive_name,1296
161,common.topic.notable_types,351
200,music.genre.recordings,1297
187,medicine.risk_factor.diseases,1209
8,location.hud_foreclosure_area.bls_unemployment_rate,1298
38,base.descriptive_names.names.descriptive_name,1299
40,base.events.type_of_performance.performances_of_this_type,663
38,base.descriptive_names.names.descriptive_name,1300
28,freebase.equivalent_topic.equivalent_type,28
10,common.topic.image,1301
19,base.descriptive_names.names.descriptive_name,1302
130,music.genre.subgenre,335
163,type.property.reverse_property,901
23,common.topic.notable_for,1303
25,people.person.profession,19
76,music.artist.genre,0
17,music.genre.recordings,748
1304,base.gender.personal_gender_identity.gender_identity,43
38,base.descriptive_names.names.descriptive_name,1305
71,music.musical_group.member,750
64,music.recording.canonical_version,64
6,music.recording.artist,37
60,music.recording.song,60
50,fictional_universe.character_occupation.characters_with_this_occupation,1306
149,music.composition.recorded_as_album,149
56,music.genre.subgenre,706
55,broadcast.radio_station.format,281
8,location.citytown.postal_codes,1307
147,freebase.valuenotation.is_reviewed,271
1308,common.webpage.topic,56
1309,common.webpage.topic,28
38,common.topic.subject_of,1310
157,people.person.nationality,75
25,common.topic.webpage,826
8,location.location.events,336
8,base.wikipedia_infobox.settlement.area_code,388
130,common.topic.webpage,1311
40,music.instrument.variation,154
200,common.topic.webpage,559
130,broadcast.genre.content,537
533,music.genre.parent_genre,130
8,location.location.geolocation,1312
796,music.genre.subgenre,56
25,freebase.valuenotation.has_value,248
0,music.genre.subgenre,938
264,music.album.genre,101
149,music.album.artist,37
149,music.composition.recordings,528
394,music.recording.artist,37
28,base.descriptive_names.names.descriptive_name,1313
1314,common.webpage.topic,23
248,type.property.expected_type,1262
307,music.genre.parent_genre,164
217,music.instrument.variation,35
264,music.album.release_type,986
62,music.composition.recordings,62
64,music.recording.artist,37
724,base.petbreeds.dog_city_relationship.cities,8
19,base.descriptive_names.names.descriptive_name,1315
71,music.artist.album,167
56,music.genre.subgenre,779
250,music.genre.subgenre,288
1316,broadcast.radio_station.format,130
8,location.statistical_region.population,1317
37,music.artist.origin,8
1318,type.property.expected_type,100
23,common.topic.webpage,1230
28,base.descriptive_names.names.descriptive_name,1319
245,music.special_music_video_performance_type.special_music_video_performances,1049
19,common.topic.image,1320
606,music.instrument.family,217
493,book.written_work.subjects,75
130,film.film_genre.films_in_this_genre,561
35,music.instrument.variation,639
369,broadcast.content.genre,56
21,music.recording.contributions,549
12,music.composition.recordings,12
25,people.person.spouse_s,183
60,music.composition.recordings,611
296,music.recording.tracks,647
60,music.composition.recordings,60
64,music.recording.song,64
614,music.artist.genre,56
97,rdf-schema#domain,24
722,film.film.language,119
4,type.type.expected_by,1321
25,people.person.profession,23
796,music.genre.parent_genre,435
25,music.artist.track_contributions,1199
152,broadcast.radio_station.format,56
895,film.film.country,75
47,people.profession.specialization_of,32
130,internet.website_category.sites,1322
376,fictional_universe.fictional_character.occupation,19
8,location.location.containedby,754
80,fictional_universe.fictional_character.occupation,50
221,people.person.profession,50
4,base.descriptive_names.names.descriptive_name,1323
837,music.genre.subgenre,307
85,freebase.valuenotation.has_no_value,199
16,common.topic.notable_types,104
23,common.topic.webpage,1204
38,business.job_title.people_with_this_title,1324
683,book.written_work.subjects,50
291,music.lyricist.lyrics_written,797
103,freebase.type_profile.equivalent_topic,986
60,music.single.versions,60
548,fictional_universe.fictional_character.occupation,50
25,freebase.valuenotation.is_reviewed,271
130,music.genre.subgenre,0
43,medicine.risk_factor.diseases,85
17,broadcast.radio_format.stations,55
19,base.descriptive_names.names.descriptive_name,1325
110,common.topic.notable_types,365
774,common.image.appears_in_topic_gallery,25
17,music.genre.subgenre,202
4,type.type.properties,1326
21,music.recording.tracks,21
60,common.topic.notable_types,7
6,music.recording.artist,37
291,broadcast.artist.content,127
6,music.composition.composer,25
23,common.topic.subjects,230
322,common.topic.notable_types,23
25,music.lyricist.lyrics_written,576
622,music.music_video_performance.music_video_character,19
200,common.topic.article,1327
68,music.record_label.releases,1328
19,theater.theater_character.portrayed_by,495
12,music.recording.canonical_version,12
8,common.topic.webpage,177
162,people.person.spouse_s,241
66,music.composition.composer,25
28,base.descriptive_names.names.descriptive_name,1329
275,broadcast.artist.content,295
23,common.topic.webpage,703
38,award.award_discipline.awards_in_this_discipline,575
130,common.topic.webpage,1026
8,location.citytown.postal_codes,302
43,medicine.risk_factor.diseases,791
348,music.track_contribution.role,40
0,music.genre.parent_genre,53
740,music.recording.featured_artists,25
1106,music.group_membership.role,23
64,music.recording.artist,37
1035,common.webpage.topic,130
240,common.topic.subjects,51
1324,business.employment_tenure.title,38
16,common.topic.subject_of,16
96,common.topic.notable_types,150
28,common.topic.webpage,117
12,music.album.release_type,393
19,base.descriptive_names.names.descriptive_name,1330
484,medicine.disease.risk_factors,294
66,music.recording.artist,37
222,music.composition.form,138
115,common.topic.notable_for,1331
782,music.genre.subgenre,164
28,freebase.type_profile.strict_included_types,24
390,freebase.valuenotation.has_value,97
481,music.group_membership.member,25
161,location.hud_county_place.place,161
37,music.artist.album,6
894,film.performance.special_performance_type,245
1128,common.topic.notable_types,363
43,base.gender.gender_identity.people,1085
23,common.topic.webpage,1332
19,base.descriptive_names.names.descriptive_name,1333
55,broadcast.radio_station.format,109
0,music.music_video_genre.music_videos_of_this_genre,1334
331,medicine.risk_factor.diseases,484
139,music.recording.artist,29
1051,common.webpage.topic,23
1090,music.group_membership.group,71
137,freebase.valuenotation.is_reviewed,271
164,common.topic.notable_types,104
1335,common.webpage.topic,23
160,freebase.valuenotation.is_reviewed,271
314,common.topic.subject_of,32
76,freebase.valuenotation.is_reviewed,163
50,freebase.equivalent_topic.equivalent_type,50
8,location.citytown.postal_codes,1336
376,fictional_universe.fictional_character.occupation,28
307,common.topic.notable_types,104
121,music.group_member.instruments_played,40
206,music.composition.composer,654
4,type.type.expected_by,1337
1338,music.music_video_performance.special_music_video_performance_type,38
134,music.composition.composer,25
1239,base.animalnames.animal_specific_name_relationship.gender,43
559,common.webpage.category,593
38,base.descriptive_names.names.descriptive_name,1339
808,base.animalnames.animal_specific_name_relationship.gender,43
782,music.genre.parent_genre,164
50,common.topic.subject_of,905
1157,media_common.quotation.subjects,50
408,music.track_contribution.contributor,25
418,music.recording.song,12
38,music.special_music_video_performance_type.special_music_video_performances,1340
23,common.topic.subjects,845
4,type.type.properties,1341
19,base.descriptive_names.names.descriptive_name,1342
43,base.schemastaging.context_name.pronunciation,1343
130,music.genre.subgenre,706
62,common.topic.notable_types,7
50,tv.tv_subject.tv_episodes,1344
561,film.film.genre,130
8,location.statistical_region.population,1345
300,broadcast.content.genre,0
595,music.genre.parent_genre,16
1161,base.gender.personal_gender_identity.gender_identity,43
43,medicine.risk_factor.diseases,1346
406,common.webpage.in_index,284
56,common.topic.webpage,764
612,common.topic.notable_types,7
28,common.topic.webpage,27
38,base.descriptive_names.names.descriptive_name,1347
360,common.topic.notable_types,104
118,common.topic.notable_types,150
130,common.topic.webpage,656
137,freebase.valuenotation.is_reviewed,70
206,common.topic.notable_for,1348
125,music.album.release_type,393
19,base.descriptive_names.names.descriptive_name,1349
19,base.descriptive_names.names.descriptive_name,1350
217,music.instrument.variation,46
130,music.genre.subgenre,174
50,base.lightweight.profession.specialization_of,624
25,book.author.works_written,615
206,music.composition.recordings,206
66,common.topic.article,1351
19,base.descriptive_names.names.descriptive_name,1352
275,music.artist.genre,208
130,book.book_subject.works,1353
53,music.genre.parent_genre,2
1016,common.webpage.topic,23
487,music.artist.genre,101
1354,base.gender.personal_gender_identity.gender_identity,43
25,music.artist.track,296
302,location.location.containedby,8
584,common.topic.notable_types,363
139,common.topic.notable_for,1355
1181,common.resource.annotations,367
38,common.topic.subjects,1356
43,base.gender.gender_identity.people,1304
19,base.descriptive_names.names.descriptive_name,1357
76,people.person.profession,28
71,music.artist.album,442
63,music.composer.compositions,12
155,music.instrument.variation,10
28,base.descriptive_names.names.descriptive_name,1358
12,music.recording.song,12
1332,common.webpage.topic,23
998,award.award_nomination.award_nominee,68
214,location.location.containedby,75
55,broadcast.content.artist,275
296,music.recording.tracks,647
4,base.descriptive_names.names.descriptive_name,1359
16,music.genre.subgenre,250
38,base.descriptive_names.names.descriptive_name,1360
507,common.topic.notable_types,104
10,music.instrument.family,155
346,freebase.type_hints.included_types,365
307,music.genre.parent_genre,208
38,base.descriptive_names.names.descriptive_name,1361
189,book.written_work.original_language,119
1049,music.music_video_performance.special_music_video_performance_type,38
8,location.statistical_region.population,1362
43,base.gender.gender_identity.people,1007
40,common.topic.subject_of,247
300,broadcast.content.artist,71
200,music.genre.recordings,1219
29,music.artist.genre,113
130,common.topic.subject_of,1363
172,common.topic.notable_for,1364
43,base.gender.gender_identity.people,1354
466,common.topic.subjects,132
217,music.instrument.variation,659
12,music.composition.recordings,387
130,music.genre.subgenre,307
115,music.composition.composer,67
21,common.topic.notable_for,1365
8,location.hud_foreclosure_area.estimated_number_foreclosures,1366
797,music.recording.artist,291
17,broadcast.genre.content,55
1367,common.webpage.topic,23
19,base.descriptive_names.names.descriptive_name,1368
186,medicine.disease.risk_factors,43
8,common.topic.notable_types,351
38,base.descriptive_names.names.descriptive_name,1369
69,freebase.valuenotation.has_value,231
166,common.topic.notable_types,1032
55,broadcast.radio_station.format,170
130,music.genre.subgenre,295
35,music.instrument.variation,670
13,music.recording.song,12
8,location.statistical_region.population,1370
23,common.topic.webpage,1314
66,music.composition.form,138
28,common.topic.webpage,205
1318,rdf-schema#range,100
8,location.statistical_region.population,1371
381,music.artist.genre,0
8,periodicals.newspaper_circulation_area.newspapers,1372
466,common.topic.subjects,795
4,type.type.expected_by,1373
62,music.album.artist,37
0,book.book_subject.works,1374
25,music.artist.track,471
167,music.recording.song,167
4,type.type.properties,1375
56,music.genre.subgenre,307
134,music.single.versions,886
50,common.topic.notable_types,79
38,base.descriptive_names.names.descriptive_name,1376
8,location.hud_foreclosure_area.hhuniv,1377
487,freebase.valuenotation.is_reviewed,97
56,common.topic.webpage,315
59,common.topic.notable_types,104
109,broadcast.radio_format.stations,55
867,base.animalnames.animal_specific_name_relationship.gender,43
1086,broadcast.content.genre,130
0,book.book_subject.works,1378
160,people.person.profession,32
73,music.composition.recordings,73
351,freebase.type_profile.published,273
12,music.recording.canonical_version,12
275,music.artist.genre,165
139,music.recording.tracks,139
8,location.location.events,1379
296,music.recording.canonical_version,647
50,freebase.type_profile.published,273
8,location.hud_foreclosure_area.total_90_day_vacant_residential_addresses,1380
184,rdf-schema#range,365
294,medicine.symptom.symptom_of,341
309,location.administrative_division_capital_relationship.administrative_division,214
4,freebase.type_profile.published,273
381,common.topic.notable_types,4
64,music.composition.recordings,64
64,music.recording.canonical_version,64
635,music.record_label.artist,25
68,music.record_label.releases,1381
754,location.location.containedby,214
67,music.artist.genre,130
43,medicine.risk_factor.diseases,1382
25,people.person.profession,38
31,music.recording.tracks,31
307,music.genre.parent_genre,250
167,music.composition.composer,25
17,music.genre.subgenre,533
466,common.topic.subjects,188
584,music.instrument.family,217
51,common.topic.subject_of,74
6,common.topic.notable_types,7
319,common.webpage.topic,28
130,music.genre.subgenre,1383
16,music.genre.subgenre,323
17,music.genre.subgenre,793
130,common.topic.webpage,1384
157,people.person.gender,43
16,music.genre.subgenre,226
38,book.book_subject.works,1385
8,location.statistical_region.population,1386
360,music.genre.parent_genre,130
25,people.person.profession,28
19,base.descriptive_names.names.descriptive_name,1387
348,music.track_contribution.contributor,25
76,people.person.place_of_birth,8
0,music.genre.subgenre,288
25,music.featured_artist.recordings,740
60,music.recording.canonical_version,60
130,broadcast.genre.content,45
442,music.album.genre,130
29,music.group_member.instruments_played,35
25,common.topic.image,212
8,location.statistical_region.population,1388
250,music.genre.parent_genre,16
977,type.property.expected_type,100
6,music.recording.song,6
12,music.single.versions,12
43,medicine.risk_factor.diseases,1389
0,music.music_video_genre.music_videos_of_this_genre,1390
1391,common.webpage.topic,23
101,common.topic.article,1392
40,book.book_subject.works,1393
1090,music.group_membership.member,25
59,music.genre.parent_genre,328
1394,common.webpage.topic,28
275,music.artist.genre,82
8,location.citytown.postal_codes,1395
221,common.topic.notable_types,24
6,music.recording.artist,37
124,music.recording.tracks,1396
8,base.petbreeds.city_with_dogs.top_breeds,838
514,broadcast.content.genre,94
161,base.biblioness.bibs_location.country,75
1384,common.webpage.topic,130
23,common.topic.webpage,1050
271,rdf-schema#domain,24
695,fictional_universe.fictional_character.occupation,50
72,music.genre.parent_genre,2
71,music.artist.genre,288
130,broadcast.genre.content,1397
435,music.genre.subgenre,490
1398,common.webpage.topic,23
28,freebase.type_profile.equivalent_topic,28
38,base.descriptive_names.names.descriptive_name,1399
67,people.person.profession,28
130,common.topic.webpage,403
67,music.composer.compositions,115
167,common.topic.image,1400
38,base.descriptive_names.names.descriptive_name,1401
40,book.book_subject.works,1402
437,music.recording.artist,71
130,music.genre.subgenre,1403
38,people.profession.represented_by_trade_unions,934
438,music.music_video_performance.special_music_video_performance_type,38
1264,music.music_video_performance.special_music_video_performance_type,38
1199,music.track_contribution.track,134
55,broadcast.content.genre,200
40,book.book_subject.works,1404
43,award.award_discipline.awards_in_this_discipline,433
222,music.recording.song,222
162,common.topic.notable_types,24
4,type.type.expected_by,343
64,music.recording.canonical_version,64
130,music.genre.subgenre,1141
240,book.written_work.subjects,51
505,music.genre.subgenre,72
25,music.artist.genre,82
115,music.recording.artist,37
360,music.genre.parent_genre,507
64,music.recording.artist,37
160,music.group_member.instruments_played,10
992,biology.hybrid_parentage.parent_sex,43
109,music.genre.recordings,18
12,music.recording.song,12
1140,base.gender.personal_gender_identity.gender_identity,43
38,common.topic.subjects,181
21,music.recording.artist,759
38,base.descriptive_names.names.descriptive_name,1405
124,music.recording.featured_artists,1029
705,music.genre.subgenre,56
314,common.topic.subject_of,50
166,common.topic.notable_for,1406
128,location.administrative_division.capital,509
130,common.topic.webpage,1268
136,music.genre.parent_genre,295
900,music.recording.song,115
222,common.topic.notable_types,150
62,music.composition.composer,25
281,broadcast.genre.content,55
130,broadcast.radio_format.stations,1407
8,government.governmental_jurisdiction.governing_officials,1081
916,base.animalnames.animal_specific_name_relationship.gender,43
28,common.topic.webpage,535
19,common.topic.notable_types,79
50,people.profession.specializations,811
60,common.topic.notable_types,7
242,music.genre.parent_genre,113
62,common.topic.notable_types,150
19,people.profession.specialization_of,32
37,music.artist.album,60
1311,common.webpage.topic,130
427,music.recording.canonical_version,60
50,book.book_subject.works,1408
346,freebase.type_profile.published,273
56,common.topic.notable_for,1409
174,music.genre.recordings,1295
149,music.album.release_type,393
314,people.person.profession,51
149,music.composition.composer,67
43,medicine.risk_factor.diseases,331
63,freebase.valuenotation.is_reviewed,70
19,base.descriptive_names.names.descriptive_name,1410
64,common.topic.notable_types,7
4,type.type.expected_by,343
155,music.instrument.variation,1013
25,music.artist.album,58
93,common.topic.notable_for,1411
0,freebase.domain_category.domains,1412
4,type.type.properties,1413
217,music.instrument.variation,111
147,people.person.profession,19
8,location.location.events,1414
167,music.composition.recordings,167
38,base.descriptive_names.names.descriptive_name,1415
167,music.recording.releases,945
275,music.artist.genre,93
1075,biology.hybrid_parentage.parent_sex,43
982,award.award_category.disciplines_or_subjects,38
771,common.webpage.topic,130
1340,music.music_video_performance.special_music_video_performance_type,38
200,common.topic.image,1416
59,music.genre.subgenre,677
43,medicine.risk_factor.diseases,1417
40,interests.hobby.people_with_this_hobby,157
602,common.topic.notable_types,79
38,base.descriptive_names.names.descriptive_name,1418
12,music.composition.recordings,12
130,music.genre.parent_genre,328
63,music.artist.genre,185
75,location.country.administrative_divisions,214
19,common.topic.notable_for,1419
82,music.genre.subgenre,1113
6,music.recording.song,6
671,common.webpage.topic,23
16,music.genre.subgenre,72
573,music.music_video_performance.special_music_video_performance_type,38
167,music.recording.releases,945
23,common.topic.webpage,1335
6,music.recording.canonical_version,6
257,music.genre.parent_genre,371
346,freebase.type_hints.included_types,201
694,common.webpage.topic,35
802,people.profession.specialization_of,38
974,common.topic.notable_types,104
118,common.topic.notable_types,1252
19,base.descriptive_names.names.descriptive_name,1420
533,common.topic.notable_types,104
93,music.genre.parent_genre,164
46,music.instrument.family,35
28,base.descriptive_names.names.descriptive_name,1421
43,medicine.risk_factor.diseases,1422
8,location.citytown.postal_codes,1423
269,music.recording.artist,37
66,music.recording.song,66
1424,base.petbreeds.dog_city_relationship.cities,8
4,type.type.expected_by,415
487,music.artist.genre,242
165,music.genre.subgenre,93
165,music.genre.parent_genre,130
163,type.property.expected_type,365
38,people.profession.specializations,802
43,medicine.risk_factor.diseases,1425
28,common.topic.webpage,553
121,people.person.gender,43
29,people.person.profession,23
861,common.webpage.topic,23
8,location.statistical_region.population,1426
60,music.recording.song,60
167,common.topic.notable_for,1427
69,people.person.profession,628
257,music.genre.parent_genre,435
17,music.genre.recordings,1297
523,common.webpage.in_index,407
189,book.written_work.subjects,94
59,music.genre.parent_genre,435
17,music.genre.subgenre,1058
60,music.recording.artist,37
25,music.artist.genre,101
60,music.single.versions,60
38,base.descriptive_names.names.descriptive_name,1428
19,people.profession.corresponding_type,4
782,music.genre.parent_genre,208
595,common.topic.notable_types,104
63,freebase.valuenotation.is_reviewed,163
400,base.petbreeds.dog_city_relationship.cities,8
19,base.descriptive_names.names.descriptive_name,1429
29,freebase.valuenotation.is_reviewed,70
94,common.topic.subject_of,230
705,common.topic.notable_types,104
162,freebase.valuenotation.has_value,271
2,music.genre.subgenre,113
928,rdf-schema#domain,4
122,fictional_universe.fictional_character.gender,43
185,broadcast.radio_format.stations,55
218,freebase.valuenotation.is_reviewed,1318
43,base.gender.gender_identity.people,590
125,music.recording.tracks,125
66,music.composition.recordings,66
46,common.topic.notable_types,363
43,base.thoroughbredracing.thoroughbred_racehorse_sex.horses_of_this_sex,1099
281,music.genre.parent_genre,130
38,base.descriptive_names.names.descriptive_name,1430
580,music.recording.song,60
25,music.artist.track_contributions,334
50,common.topic.subject_of,755
130,broadcast.radio_format.stations,1431
160,music.artist.genre,130
23,common.topic.webpage,582
25,music.artist.label,68
19,base.descriptive_names.names.descriptive_name,1432
76,people.person.profession,32
62,music.recording.song,62
62,music.recording.song,62
132,music.genre.parent_genre,59
50,common.topic.subject_of,221
62,common.topic.notable_types,7
264,music.album.genre,130
222,music.album.release_type,393
60,common.topic.article,1433
56,common.topic.webpage,1308
188,music.genre.recordings,18
118,music.composition.recordings,118
50,media_common.quotation_subject.quotations_about_this_subject,1157
147,common.topic.subjects,19
238,common.topic.notable_types,104
59,music.genre.parent_genre,94
1250,medicine.disease.risk_factors,43
149,music.album.compositions,149
43,medicine.risk_factor.diseases,1434
19,people.profession.specializations,1435
52,music.composition.composer,76
6,music.album.compositions,6
40,common.topic.notable_for,1436
62,music.recording.canonical_version,62
275,broadcast.artist.content,200
12,music.recording.canonical_version,12
1205,base.petbreeds.dog_city_relationship.cities,8
19,base.descriptive_names.names.descriptive_name,1437
48,music.album.primary_release,48
16,music.genre.parent_genre,94
552,common.topic.notable_for,1438
59,music.genre.parent_genre,56
0,book.book_subject.works,1439
35,music.instrument.variation,888
43,medicine.risk_factor.diseases,1440
56,music.genre.subgenre,507
65,common.topic.notable_types,104
38,people.profession.specializations,1441
314,people.person.profession,32
130,broadcast.genre.content,944
8,location.citytown.postal_codes,1442
40,freebase.equivalent_topic.equivalent_type,40
373,music.track_contribution.contributor,25
371,music.genre.subgenre,259
241,people.marriage.spouse,25
507,music.music_video_genre.music_videos_of_this_genre,1334
115,music.composition.form,138
103,freebase.type_profile.strict_included_types,201
71,music.artist.origin,8
130,music.genre.subgenre,238
10,music.instrument.family,40
130,music.genre.subgenre,480
130,common.topic.webpage,1443
113,film.film_genre.films_in_this_genre,401
19,music.music_video_character.portrayed_in_music_videos,1284
442,music.album.genre,288
6,cvg.musical_game_song.games,1444
23,common.topic.webpage,1367
96,music.composition.recordings,96
71,music.artist.album,123
545,music.recording_contribution.album,96
103,type.type.properties,343
50,people.profession.specializations,1445
2,music.genre.subgenre,53
8,location.statistical_region.population,1446
12,music.recording.song,12
1261,common.webpage.topic,23
50,common.topic.subject_of,1447
136,music.genre.subgenre,14
40,base.skosbase.vocabulary_equivalent_topic.narrower_concept,1448
612,music.recording.canonical_version,60
275,music.artist.genre,94
19,people.profession.specializations,1449
188,music.genre.parent_genre,200
19,base.descriptive_names.names.descriptive_name,1450
29,people.person.profession,28
188,music.genre.recordings,748
270,common.topic.notable_types,24
29,music.group_member.instruments_played,497
28,common.topic.notable_types,79
314,people.person.profession,50
242,music.genre.subgenre,677
58,music.album.release_type,986
50,fictional_universe.character_occupation.characters_with_this_occupation,1451
21,music.album.releases,21
43,medicine.risk_factor.diseases,1452
177,common.webpage.category,199
147,freebase.valuenotation.is_reviewed,163
125,music.album.primary_release,125
200,common.topic.subject_of,1363
505,music.genre.subgenre,59
1108,music.music_video_performance.special_music_video_performance_type,38
8,location.citytown.postal_codes,1453
804,biology.hybrid_parentage.parent_sex,43
523,common.webpage.topic,25
64,common.topic.article,1454
19,base.descriptive_names.names.descriptive_name,1455
130,music.genre.subgenre,93
8,common.topic.image,1456
60,music.single.versions,60
675,music.recording.song,222
66,music.recording.canonical_version,66
195,people.person.nationality,75
43,medicine.risk_factor.diseases,1277
326,common.webpage.topic,35
38,music.special_music_video_performance_type.special_music_video_performances,298
381,music.artist.origin,8
25,music.group_member.membership,91
43,medicine.risk_factor.diseases,1457
245,music.special_music_video_performance_type.special_music_video_performances,522
311,location.postal_code.country,75
928,type.property.master_property,343
74,people.person.nationality,75
23,fictional_universe.character_occupation.characters_with_this_occupation,33
23,music.performance_role.guest_performances,316
50,fictional_universe.character_occupation.characters_with_this_occupation,1458
170,music.genre.subgenre,202
19,base.descriptive_names.names.descriptive_name,1459
200,common.topic.notable_types,1460
0,music.genre.subgenre,490
621,music.genre.subgenre,307
50,media_common.quotation_subject.quotations_about_this_subject,1461
4,type.type.expected_by,1337
2,music.genre.subgenre,383
56,common.topic.webpage,711
0,music.genre.subgenre,506
68,music.record_label.releases,1462
38,people.profession.specializations,516
59,music.genre.subgenre,72
149,music.composition.composer,25
2,music.genre.subgenre,299
4,type.type.expected_by,343
132,common.topic.subject_of,1363
19,base.descriptive_names.names.descriptive_name,1463
56,common.topic.webpage,794
12,music.composition.recordings,12
25,music.featured_artist.recordings,358
895,film.film.language,119
96,music.composition.recordings,96
60,music.recording.artist,37
97,rdf-schema#range,346
4,type.type.expected_by,1464
810,book.written_work.subjects,94
38,base.descriptive_names.names.descriptive_name,1465
160,freebase.valuenotation.is_reviewed,97
226,music.genre.parent_genre,16
1443,common.webpage.topic,130
64,common.topic.notable_types,7
17,music.genre.recordings,1295
33,fictional_universe.fictional_character.gender,43
118,common.topic.notable_types,7
19,base.descriptive_names.names.descriptive_name,1466
917,music.music_video_performance.special_music_video_performance_type,38
38,base.descriptive_names.names.descriptive_name,1467
8,location.statistical_region.population,1468
8,location.citytown.postal_codes,1469
82,music.genre.parent_genre,130
408,music.track_contribution.role,40
29,music.artist.genre,170
12,common.topic.notable_types,7
51,book.book_subject.works,683
200,common.topic.webpage,1052
23,common.topic.webpage,1164
23,base.descriptive_names.names.descriptive_name,1470
283,common.webpage.in_index,407
371,common.topic.notable_types,104
71,music.artist.genre,56
23,common.topic.webpage,1282
511,people.cause_of_death.includes_causes_of_death,511
217,music.instrument.variation,959
60,music.recording.song,60
941,book.written_work.subjects,0
40,book.book_subject.works,1471
28,common.topic.webpage,1394
560,fictional_universe.fictional_character.occupation,50
1099,base.thoroughbredracing.thoroughbred_racehorse.country,75
160,music.artist.genre,200
198,common.webpage.topic,166
53,music.genre.subgenre,383
19,base.descriptive_names.names.descriptive_name,1472
247,common.topic.subjects,10
76,freebase.valuenotation.has_value,231
40,music.instrument.variation,1473
928,rdf-schema#range,103
35,music.instrument.variation,1128
168,common.topic.notable_for,1474
8,location.citytown.postal_codes,1475
35,music.instrument.variation,1476
12,music.composition.language,119
1069,common.webpage.topic,130
50,media_common.quotation_subject.quotations_about_this_subject,1477
101,common.topic.notable_for,1478
0,music.genre.subgenre,165
60,music.recording.song,60
10,common.topic.image,1479
200,music.genre.parent_genre,467
38,base.descriptive_names.names.descriptive_name,1480
130,common.topic.webpage,906
29,freebase.valuenotation.is_reviewed,97
63,music.artist.label,166
206,music.composition.recorded_as_album,206
38,business.job_title.people_with_this_title,676
58,music.album.artist,25
25,film.actor.film,894
894,film.performance.actor,25
4,type.type.expected_by,415
82,common.topic.subject_of,466
19,base.descriptive_names.names.descriptive_name,1481
8,location.citytown.postal_codes,1482
200,music.genre.parent_genre,281
8,base.petbreeds.city_with_dogs.top_breeds,1424
130,broadcast.genre.content,55
322,people.person.nationality,75
38,base.descriptive_names.names.descriptive_name,1483
17,music.genre.recordings,1219
28,common.topic.webpage,1309
125,common.topic.notable_types,103
23,common.topic.webpage,1253
190,freebase.type_hints.included_types,201
12,music.recording.song,12
38,base.events.type_of_performance.performances_of_this_type,424
4,type.type.expected_by,343
37,music.artist.genre,93
576,common.topic.article,1484
60,common.topic.notable_types,150
435,music.genre.subgenre,307
174,music.genre.parent_genre,200
28,common.topic.webpage,359
139,music.recording.artist,25
38,base.descriptive_names.names.descriptive_name,1485
64,music.composition.recordings,64
127,broadcast.content.genre,130
288,common.topic.notable_types,104
8,location.statistical_region.population,1486
371,music.genre.parent_genre,435
72,music.genre.subgenre,165
291,music.artist.genre,56
130,book.book_subject.works,1487
130,broadcast.radio_format.stations,1316
68,common.topic.webpage,1183
71,music.artist.label,68
8,travel.travel_destination.tourist_attractions,1488
217,music.instrument.variation,425
487,music.artist.track,358
118,music.recording.song,118
12,music.recording.artist,37
134,music.recording.contributions,1199
8,location.citytown.postal_codes,1489
24,freebase.type_profile.strict_included_types,201
124,music.recording.song,124
76,music.artist.genre,360
32,people.profession.corresponding_type,4
82,music.genre.parent_genre,65
164,music.genre.subgenre,101
50,common.topic.subject_of,1490
40,book.book_subject.works,1491
206,music.composition.lyricist,160
387,music.recording.artist,37
8,location.citytown.postal_codes,1492
40,music.instrument.variation,1493
118,music.single.versions,118
19,base.descriptive_names.names.descriptive_name,1494
1199,music.track_contribution.contributor,25
40,music.instrument.variation,1495
64,music.composition.composer,63
23,common.topic.webpage,1391
38,base.descriptive_names.names.descriptive_name,1496
482,music.musical_group.member,481
130,music.genre.subgenre,72
56,broadcast.genre.content,300
76,freebase.valuenotation.is_reviewed,70
339,common.topic.notable_types,40
35,music.instrument.variation,1497
118,music.recording.song,118
67,people.person.profession,38
72,music.genre.parent_genre,505
28,freebase.type_profile.published,273
621,common.topic.notable_types,104
130,music.genre.subgenre,14
60,music.composition.recordings,60
8,location.citytown.postal_codes,1498
38,music.special_music_video_performance_type.special_music_video_performances,522
1444,cvg.musical_game_song_relationship.song,6
1019,people.place_lived.person,25
367,common.webpage.topic,25
35,music.instrument.variation,1499
4,type.type.expected_by,1500
118,music.single.versions,118
55,broadcast.content.genre,295
130,common.topic.webpage,1080
296,music.recording.tracks,647
973,common.webpage.topic,23
64,music.composition.recordings,64
76,music.group_member.instruments_played,35
487,people.person.profession,28
660,film.personal_film_appearance.film,722
38,base.descriptive_names.names.descriptive_name,1501
130,broadcast.genre.content,1086
1148,base.ontologies.ontology_instance_mapping.freebase_topic,10
36,location.location.containedby,75
28,base.descriptive_names.names.descriptive_name,1502
55,broadcast.content.genre,185
12,music.recording.artist,37
6,music.recording.canonical_version,6
55,broadcast.content.genre,17
63,music.artist.genre,0
66,music.recording.artist,37
130,book.book_subject.works,1503
56,broadcast.radio_format.stations,1504
261,broadcast.genre.content,55
113,music.genre.subgenre,242
8,location.statistical_region.population,1505
628,common.topic.notable_types,79
12,music.recording.artist,37
290,common.topic.notable_types,79
63,music.artist.genre,14
740,music.recording.tracks,740
93,common.topic.subject_of,466
21,common.topic.notable_types,7
25,music.composer.compositions,168
41,music.instrument.family,539
130,music.genre.subgenre,15
396,common.webpage.topic,23
217,music.instrument.variation,1128
25,music.composer.compositions,66
12,music.composition.recordings,260
25,organization.organization_founder.organizations_founded,635
114,music.genre.parent_genre,113
60,music.recording.canonical_version,60
841,people.professional_field.professions_in_this_field,628
6,common.topic.notable_types,103
12,music.recording.song,12
2,music.genre.subgenre,72
386,common.webpage.topic,28
4,type.type.expected_by,1506
28,fictional_universe.character_occupation.characters_with_this_occupation,672
250,music.genre.parent_genre,56
241,people.marriage.type_of_union,555
93,music.genre.parent_genre,165
168,music.recording.contributions,408
25,music.group_member.membership,481
192,music.track_contribution.contributor,25
37,music.producer.tracks_produced,66
487,music.artist.genre,307
28,fictional_universe.character_occupation.characters_with_this_occupation,83
162,people.person.gender,234
552,music.recording.featured_artists,25
132,music.genre.parent_genre,281
10,common.topic.notable_for,1507
43,common.topic.subjects,235
408,music.track_contribution.track,168
29,people.person.languages,119
38,common.topic.subject_of,814
38,common.topic.article,1508
8,location.citytown.postal_codes,1509
130,broadcast.genre.content,899
756,fictional_universe.fictional_character.occupation,50
122,fictional_universe.fictional_character.occupation,50
62,common.topic.notable_types,7
8,periodicals.newspaper_circulation_area.newspapers,1510
12,common.topic.notable_types,7
23,base.descriptive_names.names.descriptive_name,1511
244,film.personal_film_appearance.person,25
234,base.animalnames.animal_gender.animal_names,808
23,fictional_universe.character_occupation.characters_with_this_occupation,1512
38,base.descriptive_names.names.descriptive_name,1513
38,music.special_music_video_performance_type.special_music_video_performances,1338
43,medicine.risk_factor.diseases,1514
23,common.topic.webpage,1398
6,music.composition.recordings,146
913,common.webpage.topic,28
53,music.genre.subgenre,226
63,people.person.profession,47
322,people.person.gender,43
134,music.recording.song,134
76,music.artist.genre,109
8,common.topic.image,1515
58,music.album.genre,130
188,common.topic.notable_types,104
2,broadcast.genre.content,847
38,people.profession.specializations,1516
40,business.product_category.product_lines,1517
231,rdf-schema#range,24
